[ -400 1112 479 927 1588 -17 643 446 436 -331 795 534 -655 616 -853 733 -109 -248 380 -676 -248 -814 -258 -698 -1028 -128 573 -727 -424 833 538 -94 545 999 -177 176 -770 280 963 103 -386 -137 395 785 -656 -585 268 -1032 -388 -34 -1110 -197 670 -302 261 377 3 312 333 -225 130 99 -89 697 210 116 193 -67 -170 -1355 -32 -319 -490 238 -82 ]
[ -190 1042 247 100 1261 -151 -324 362 813 476 850 639 -1105 414 -810 438 -987 228 -370 -178 -584 25 1255 119 32 -635 -340 903 75 586 -67 -1973 -352 676 -35 -83 -1325 -587 771 -155 127 -415 -360 516 322 -867 207 -1107 -260 762 -29 -589 571 336 -17 -651 -519 1195 -310 -315 -415 224 397 322 -105 -663 -786 80 48 -1099 -536 66 -421 -4 224 ]
[ 676 -99 -697 -418 -537 -218 640 -423 -379 -760 -751 -679 -282 -325 824 -533 121 495 831 -306 438 841 -475 586 866 1535 203 -1337 1526 -60 580 -23 -664 305 -209 654 1128 559 126 -433 461 -731 39 -841 735 423 211 790 17 -134 -591 813 -182 206 -834 -14 651 298 106 1089 82 103 -1019 -16 17 843 276 464 797 753 -102 603 260 830 571 ]
[ 1036 715 -640 526 -1188 -1239 -99 -574 602 -68 1104 7 -1264 -602 821 -516 -527 377 -344 471 294 762 -110 1187 181 1299 -417 116 429 -9 395 380 -780 -537 296 340 59 -149 -180 -498 -436 -29 -514 -859 -157 173 158 -147 -248 -124 -381 388 -679 316 41 -319 313 525 -1094 -919 -232 1080 -886 -618 15 -125 65 723 482 738 -279 309 -479 -230 981 ]
[ -286 1150 -343 461 376 728 96 263 190 -1125 1018 229 -870 -737 114 -369 -344 229 372 58 7 -266 393 691 -553 198 524 -215 -15 -1131 128 -1035 -763 542 -402 26 915 -16 636 398 -757 398 -759 -279 111 359 51 -399 -643 993 184 634 592 604 -1247 40 207 1053 -994 264 326 1563 213 377 -810 -531 -244 1352 -119 -456 -571 -319 -381 -403 529 ]
[ -394 682 579 -978 -261 1166 605 67 -63 117 -727 -923 543 -1778 881 -760 -74 -76 896 526 1039 520 -720 -149 378 1091 231 -1179 68 -1435 -666 302 -814 435 -700 722 228 173 -597 -822 908 759 4 -347 -284 273 -201 897 -357 60 193 70 -440 -1309 -1004 1157 172 610 -171 357 936 -312 -316 100 -289 149 91 400 -196 249 150 -309 -396 -482 -391 ]
[ -602 122 -1113 1016 630 -360 459 -6 554 -196 1537 333 -783 -453 257 439 611 539 377 -991 -1475 -1154 707 -622 -930 -520 732 843 -882 106 695 -22 52 104 542 28 -160 -848 443 575 -878 523 91 9 -134 573 -463 113 893 510 11 617 449 1304 750 -224 674 351 -734 -1 -734 793 439 -513 -52 714 590 321 -194 85 -506 -454 -202 -578 -58 ]
[ 131 -348 -1248 310 -321 534 -622 290 126 -285 1047 424 -414 -1151 -289 921 785 50 -581 256 -46 496 390 595 -2 -1359 -27 1051 -752 -1531 -613 898 -365 -662 355 769 -362 11 85 -394 -308 1111 258 -309 -782 507 -432 402 245 302 502 395 -274 503 -106 -289 -489 -501 -212 -637 -832 934 270 -883 280 501 218 143 -396 741 -45 -1209 -1191 -961 23 ]
[ -1479 -8 -612 -309 562 18 1056 -409 320 802 -429 -882 424 -578 764 -1499 -342 -22 1423 140 -350 289 -530 320 652 811 -336 -618 491 -452 70 -491 -359 775 -698 455 724 -53 245 -298 816 206 -665 259 882 87 -206 312 360 -486 627 223 451 -1092 -97 -346 -159 697 -58 966 689 -719 99 538 -677 -262 -744 673 -232 -3 -173 -7 743 113 -956 ]
[ 327 -403 695 -96 -1130 -967 98 -636 914 -173 978 303 -760 247 335 237 306 681 -377 -324 -595 -169 629 -884 -667 502 -515 225 336 2024 304 598 620 -1123 692 -1041 -552 -745 -533 150 -401 -122 -192 -822 26 940 257 -277 694 -80 -1115 -340 -310 1013 944 -198 -13 768 -278 -342 102 402 -420 -251 613 105 571 -276 714 -477 -339 760 931 -82 979 ]
[ -860 -498 106 953 -34 -1274 633 -321 -4 810 -130 -762 -507 931 199 -17 1249 -1 326 -1173 -790 -1442 -129 -638 -317 363 -474 446 -1406 302 950 327 1336 375 455 -469 -270 -239 939 806 -278 311 330 1090 -397 -68 -279 -179 374 -753 55 59 275 259 923 249 712 -1936 293 198 -789 -1053 406 237 99 1218 169 195 -1017 65 413 -294 156 0 -348 ]
[ -1191 -76 1076 765 -727 -893 -140 -1048 316 1306 287 -707 -570 -152 204 -518 712 -68 119 514 -39 -288 -322 815 -288 373 -829 -140 -1236 1276 -694 1315 1303 -50 -584 115 -862 -537 -906 -307 110 343 -511 -373 -523 343 81 -563 118 -621 -524 -167 -239 -1370 815 182 -878 53 -433 -1418 908 -926 -1014 327 250 -1022 -53 462 -873 308 503 -855 -187 -585 -66 ]
[ 42 426 269 -418 734 -816 -98 93 -609 1035 -505 -282 1143 570 -137 843 -1204 567 498 -467 -899 -195 996 -807 -84 -282 829 -459 -185 2098 768 -626 -626 1103 -383 202 -700 -286 445 492 696 -1335 843 575 837 -1411 -345 23 -549 262 -458 -746 -14 608 290 -131 1181 664 336 981 -593 -309 299 -647 206 800 73 -819 458 -992 -180 448 401 468 -1132 ]
[ 1047 65 566 876 -294 -1100 -40 -497 -1304 540 -459 52 776 1135 491 8 305 -297 335 -101 455 -141 -17 372 -376 -76 478 -1238 -283 -10 88 1160 310 -762 14 -94 -64 -380 -13 282 -928 -829 322 -65 -230 -132 -306 -160 -1172 -1164 -1230 -317 -406 -318 -415 702 120 -1882 -564 73 240 70 -190 -81 -210 -416 516 -279 -474 -279 746 254 -236 452 -272 ]
[ -217 -892 -383 543 608 -879 1295 -1380 -129 578 -397 -439 -388 526 506 -499 1389 -1 1555 -1204 -1515 -134 -781 52 71 -338 -97 -869 1256 619 95 489 641 -786 760 -160 691 -475 -699 -718 -185 -1056 58 -510 254 1300 154 204 1052 -903 -858 892 -298 -161 254 -618 537 963 -231 572 371 -468 -586 -201 458 378 733 118 380 775 551 737 1040 342 -333 ]
[ -689 47 1151 -924 1135 294 1009 160 614 -81 60 -612 -488 -476 -637 522 -33 544 620 -25 -418 -565 815 -1610 231 -221 752 -1221 742 1444 24 -1528 -138 638 -707 -167 -1115 -840 -1098 -561 620 -597 825 -183 -91 -424 -805 585 452 1215 -484 -30 299 30 413 -171 -715 2273 267 -590 357 -959 -596 -466 69 -19 318 -750 486 -568 -186 -257 -597 -646 -228 ]
[ 825 799 1030 -576 386 62 -150 151 566 272 -488 257 -1148 559 504 -148 -1261 -526 12 -579 682 1461 408 -290 400 176 -605 702 1043 511 -700 -1427 -32 -552 138 259 -219 -142 -163 -892 938 -1166 -466 -21 -84 -59 923 -309 168 -381 -1270 -959 531 -440 -859 647 -225 1011 75 -43 70 246 -132 1264 574 -907 233 -569 770 21 -115 1560 527 506 733 ]
[ -39 -808 859 -1067 -1186 1485 262 591 223 -479 -78 -765 1594 184 -813 -254 451 784 -689 324 1151 -798 -85 -1104 -424 88 -150 -474 417 -499 455 341 354 -385 -565 -1504 1257 -243 26 669 500 1417 61 27 362 504 -352 355 -271 777 911 -40 371 507 -229 369 -398 -388 850 676 247 -41 750 207 -1119 403 -734 -93 -407 -1122 -840 -266 381 -168 290 ]
[ -5 888 1332 -69 964 1679 116 209 285 372 -38 -427 -200 -472 -655 -6 215 -81 -963 576 -124 -1285 93 -534 31 -767 -616 789 -762 -572 -299 -1419 883 503 315 -1056 -429 -488 -69 -483 580 1344 -162 488 -273 -29 179 -736 -85 1266 1344 -151 158 161 -390 258 -838 335 232 -807 -142 -59 235 426 -571 -173 -800 1024 -988 -516 -178 -767 -1063 -751 706 ]
[ -467 469 1031 -182 -241 -116 -138 348 233 298 843 938 -16 -69 -1071 271 -240 223 -117 141 -243 -326 659 597 -1183 -1120 -285 345 -1025 -132 -252 -83 -708 117 -853 -322 -349 -1023 551 395 -605 286 -730 244 161 -64 596 -1431 -918 175 62 -593 -259 110 -1 -252 -854 55 -1214 -309 483 368 619 601 -438 -1052 -688 235 -608 -1577 -12 -765 -12 -105 -325 ]
[ 552 -919 693 -311 -1468 456 -397 272 -296 -136 252 -820 295 -994 339 478 745 664 -319 -41 1776 733 66 -11 149 618 -484 -824 241 -43 -598 1835 624 -914 229 165 -657 379 -165 -673 594 865 524 -902 -764 140 -875 1237 -124 -213 -617 -844 -705 -83 -17 503 -20 -986 555 -236 -594 -252 -472 -395 170 731 5 -395 -595 -510 -317 -257 -989 -449 646 ]
[ -669 224 -244 687 751 517 377 -701 758 327 122 -107 1194 661 -725 -332 -166 426 -86 608 -357 -855 -162 -382 -336 569 -205 -527 400 1018 1017 -346 765 940 74 -683 338 676 767 629 -2 -138 40 253 1080 371 528 -431 -407 360 -13 -354 611 -53 -127 -122 -355 545 658 1171 701 144 381 717 -429 -304 -356 1030 169 -941 -440 97 854 588 86 ]
[ -132 -453 -50 -956 -377 586 -602 -405 -235 -754 -589 690 -86 360 -273 -479 657 -152 608 581 723 1138 441 615 1144 908 -482 -944 1575 -1489 -922 -84 -343 -838 227 165 -223 449 -88 -511 -569 634 -58 -262 201 392 7 -86 -489 -219 182 536 146 -937 -688 -159 -444 -759 642 935 662 -754 -127 -30 212 117 -771 -28 -75 8 634 387 248 764 -120 ]
[ -894 -677 637 -937 -448 263 390 154 -731 546 -800 -611 1402 -732 966 -19 -350 26 210 346 -357 801 -516 -1008 544 -483 -128 -563 198 705 -442 822 -85 -280 -104 689 113 167 -810 -564 1279 160 503 201 71 -43 -677 852 541 -22 612 -537 -609 -761 820 488 906 -126 1349 386 -54 -568 -417 -690 770 987 179 -506 113 -114 -62 -22 509 -313 -1053 ]
[ -372 -1199 507 10 -780 -726 -844 -249 -287 538 -415 117 997 875 -8 -82 83 -943 565 -747 -552 135 -18 75 -579 -421 -287 -14 -370 1077 -820 1091 539 -731 -538 -1019 900 154 -132 993 -268 -380 -93 135 64 -220 386 -240 339 -1633 -822 -622 118 -311 502 -813 299 -769 500 1075 374 -117 768 385 607 -60 -616 -799 -492 -683 763 475 1726 428 -853 ]
[ -241 -845 262 -1265 -286 -166 -123 -433 92 1437 -849 -1024 849 164 1042 -276 571 607 85 -744 -345 -197 135 -1006 418 429 -620 645 -470 844 129 940 1575 -388 772 -936 -738 -1029 -223 -396 1297 883 335 -899 708 802 -247 333 750 -196 107 -339 142 226 355 395 305 -179 403 669 -372 -1106 182 116 -422 468 550 255 -43 -68 -257 393 835 442 149 ]
[ -37 495 -179 567 158 456 201 253 -1485 -1090 -575 -67 1246 441 480 -45 275 508 222 551 102 -416 -281 -128 -267 489 779 -1092 578 -323 532 894 376 600 -137 168 505 883 813 787 -93 -94 -265 209 572 397 -112 -77 -502 39 33 443 611 167 -348 727 238 -414 702 950 702 242 -240 236 -744 -108 -471 243 -94 -477 -532 358 1179 304 82 ]
[ -569 253 -349 314 -429 -195 753 -163 -501 -131 395 132 241 83 1145 114 -171 255 983 437 -101 911 84 -237 -436 -331 98 -1240 -779 834 51 1621 170 -21 -499 801 394 112 286 327 132 177 -759 202 370 593 174 -36 -601 -721 -1202 -205 1078 61 -477 916 -717 -724 -269 595 781 268 -387 954 255 -143 581 248 192 -362 433 -428 -93 -47 -558 ]
[ -1022 -479 -549 -510 379 481 -610 340 80 216 666 918 829 29 -30 -480 -151 148 -30 -458 -1430 -1281 -256 -114 -305 -549 398 1035 -948 586 -652 -556 149 142 -177 -784 567 -650 -730 574 -492 687 -823 -442 958 659 960 -277 772 472 1234 762 618 347 907 -733 648 792 -466 107 707 138 754 612 176 -723 -353 437 99 666 123 -119 955 447 -483 ]
[ -823 464 13 665 6 -6 2 -214 -256 -372 31 -581 -880 -8 -824 905 307 -956 489 -134 691 -130 363 307 -473 -337 1009 -591 -485 -893 104 -309 508 188 -581 472 -5 808 216 147 -1058 -59 968 133 -1535 -732 -714 -9 -1077 -87 -726 463 355 -712 -1622 634 -140 275 109 -403 246 552 485 -601 347 464 463 355 -358 386 1032 -900 -980 -761 -520 ]
[ -934 -425 -719 116 -528 583 -332 -287 -317 654 -452 -637 22 -407 -447 610 19 10 -240 586 -264 475 796 1001 -114 -1616 -370 1520 -1809 -274 51 -577 428 403 -101 752 350 663 465 309 813 122 -153 1043 -149 -434 122 -251 -515 373 799 -350 -170 514 -640 -267 -1331 -595 0 417 -594 -176 785 -124 191 76 -756 357 -459 372 260 -1040 -283 -478 -825 ]
[ 191 -115 -421 93 -867 -629 23 -350 275 1065 510 -284 1234 -1239 48 15 -1051 699 -628 1279 204 410 107 262 152 258 -183 1201 224 140 891 1147 -369 -371 110 936 -273 -478 -465 -145 130 748 367 -344 200 -65 -655 593 682 -181 462 175 -585 -260 754 588 -496 -248 189 -513 -747 292 -566 -1265 -475 480 52 -127 -339 597 -396 -384 -139 -719 -234 ]
[ -248 133 -251 570 114 147 -311 -201 -820 -188 431 1045 1178 -186 -31 655 -336 -111 333 548 134 208 -761 1093 -465 -959 892 -719 -1331 -743 -136 1675 -504 -135 -326 912 -119 452 -723 107 -951 83 609 -582 -622 -443 207 -294 -1085 -250 -638 413 17 -816 52 786 -337 -750 -548 -289 76 477 -1 -377 215 -570 409 233 -283 347 980 -924 -1258 391 -834 ]
[ -1062 -1040 -1196 269 -330 -70 -1057 -262 -552 -364 141 371 515 -552 -231 260 745 570 -679 102 -1013 -338 167 1612 26 -599 -563 1588 -1511 -1700 -223 -292 -854 583 -165 548 -92 231 924 838 -709 468 -638 26 574 714 78 301 271 -260 1450 974 -467 1092 267 -563 534 -1880 -267 134 -752 589 252 -402 -167 183 156 1053 -648 703 -180 -1379 -56 -71 -441 ]
[ 465 -815 106 622 -423 -197 -1048 -638 -172 876 1057 580 505 -3 101 278 331 533 -710 840 17 -240 377 468 -126 -756 -289 647 -170 816 -274 1369 724 -1698 1223 248 -288 15 -596 -827 -207 412 162 -688 -317 1556 159 -586 -363 165 -54 146 -876 -179 19 701 -276 -359 59 -509 20 1060 -315 -833 440 51 686 -46 211 263 -138 -279 122 19 -4 ]
[ 318 181 1089 -466 -76 523 -293 -894 60 521 -482 192 218 -681 437 380 -269 -141 -181 592 158 599 627 -442 -106 38 -840 -80 185 -677 -574 -285 26 -81 612 -963 -468 426 168 -469 290 258 254 -59 129 -194 608 -176 -984 20 -2 -1669 -732 15 -708 53 -473 -697 30 800 155 -689 785 315 327 552 -1067 379 -610 -1337 864 -90 -516 429 108 ]
[ -142 -916 -513 187 -389 177 -146 -464 560 119 1018 223 519 -177 -745 110 -337 213 -822 96 -945 143 -47 896 -167 -1358 -774 1844 -117 591 305 551 1069 -841 421 -670 -146 -641 -305 -405 -188 1031 -420 -872 56 503 61 -311 1194 81 649 275 290 914 1322 -1107 -629 621 -95 -1176 -701 239 -27 -663 58 -589 109 444 162 1091 -102 -105 -204 -264 372 ]
[ 448 250 335 -217 -1626 -616 -933 -564 37 883 186 -886 -98 228 -585 335 -431 623 -707 -386 298 255 -58 1200 125 -508 -741 792 -783 1285 179 -49 -468 20 -925 -294 248 -482 -158 130 547 -469 -200 -500 -177 -378 80 -197 303 -286 -304 79 -952 303 519 -689 508 774 -304 -899 -123 941 -74 -721 668 412 -14 30 -40 1052 -247 -317 -329 -155 295 ]
[ -240 158 533 -1198 -186 -651 -715 -540 -181 1113 18 -655 417 129 330 -284 -258 254 186 863 482 523 216 -625 862 92 -529 -358 -733 -388 -708 -349 5 -1182 306 -501 -552 -244 -708 -204 412 480 423 261 -863 -94 -485 74 -626 -311 -212 -421 -493 -286 -472 171 66 -742 501 -148 212 457 478 -786 -72 353 455 -190 -347 -593 197 -54 -277 -797 -616 ]
[ -269 -909 36 -893 -275 370 -209 386 -292 794 -345 -497 565 -322 -3 10 331 -126 925 -1451 74 -630 -793 47 -113 -422 214 640 -495 -323 -283 448 -6 68 -30 156 1341 390 102 -320 694 437 881 761 -357 228 -267 641 373 -374 164 804 78 -252 -259 478 1685 -592 543 951 -799 -683 593 -430 832 1862 125 -883 -503 1293 716 -244 19 35 -1322 ]
[ 867 -17 -906 -176 -336 -829 -960 632 -857 91 -121 -175 -530 -291 1605 -632 -1276 -177 -327 275 -534 -346 186 591 617 401 597 1508 138 756 586 -1225 -783 -227 437 -428 935 -256 176 190 126 -752 -657 -314 669 -644 -511 567 882 -67 966 -133 -231 1254 44 -785 976 1359 -810 -594 -489 1526 -32 -711 -146 -400 -491 254 795 764 -408 949 1113 -94 75 ]
[ -535 505 -215 449 1435 382 765 315 875 820 -6 -427 351 -496 -105 -597 -791 -81 674 -213 -520 -729 -52 -1028 -273 39 258 498 99 -520 704 -1632 -491 980 -773 196 151 -551 -12 169 549 516 14 733 139 86 41 361 997 -557 514 909 714 -447 434 411 -502 694 -176 165 147 -224 303 776 -923 -329 -234 672 -429 677 -612 -265 618 -253 -319 ]
[ -347 -702 -997 347 341 304 19 -121 -534 -333 451 677 -338 537 -789 452 65 -287 -56 -393 -961 461 -560 591 -157 -1413 -519 329 -353 297 -513 -378 217 -607 260 115 709 376 -65 338 -464 176 -396 961 -358 209 327 -89 -109 -458 184 667 343 452 -231 -496 -472 -642 561 -55 -528 691 -287 225 733 -49 -369 -42 120 -186 123 -391 339 242 -740 ]
[ -130 -74 -197 -323 -236 -65 505 -774 -573 -305 -1294 -872 -27 383 332 72 55 297 -91 -688 424 852 586 -86 644 265 587 -127 678 37 -277 -825 16 -191 -218 1191 -842 76 -1338 -260 475 -1342 466 -624 233 -164 -584 1353 258 291 -585 440 32 -411 -470 589 -183 207 684 -330 -69 -625 -585 -1016 461 297 633 -1454 650 1502 -412 771 155 140 1 ]
[ 487 50 -835 295 834 -780 858 257 -365 -854 -792 -400 -1322 1505 -809 429 -354 -1510 118 -762 121 794 -336 22 692 -314 104 -650 960 -473 468 -1355 441 653 -413 27 889 1398 1578 -319 65 -944 352 1341 -791 -900 295 -782 -55 -830 -372 159 63 -162 39 -612 -484 -1092 1732 90 -253 -438 299 539 823 1424 -259 -552 352 -242 551 -75 -213 985 -41 ]
[ 721 452 -512 -264 -185 946 -667 68 292 -1 478 309 683 -763 -874 614 -317 721 -132 359 1051 111 986 209 -411 126 1012 -112 504 -416 529 464 -791 172 -526 642 -335 49 -216 131 -37 139 1035 -210 -111 -757 -1097 1279 -74 838 285 -175 -61 -1 2 367 -221 790 -225 -517 -1074 -204 312 -1457 27 324 -360 -1164 -229 218 -746 -417 -760 -421 -328 ]
[ 671 177 363 237 -743 158 -207 475 139 494 793 86 -36 -49 296 -944 -199 27 -1414 224 642 -930 -554 -108 -377 242 145 1069 -567 95 -265 -94 255 187 -386 -593 375 -589 -230 250 336 861 -1099 434 46 -140 959 -790 -124 -36 535 -648 260 204 366 415 -457 -861 -882 -341 717 -208 425 643 -611 -560 -951 -498 -512 508 22 182 12 90 792 ]
[ -141 -509 305 1139 152 1191 -419 784 27 -953 150 117 218 717 -297 461 854 106 -926 -651 582 -1324 -255 -273 -812 -509 360 101 -1224 -289 -540 396 866 52 259 -225 78 452 -326 855 -912 327 -496 294 -811 567 54 -159 8 434 -291 851 295 107 140 843 -171 -984 680 -344 359 292 -642 513 116 -344 656 -389 -155 -149 -317 -912 -704 -152 383 ]
[ 661 -798 1369 -268 -1465 241 -240 -500 149 -1309 64 61 180 267 -299 -2 1261 201 -254 592 52 -1351 349 94 -362 930 -213 -345 -911 500 -151 741 929 -420 -194 -1208 172 174 -1040 613 -470 665 -55 -316 347 1107 422 416 488 24 -223 1153 5 720 668 -85 -907 -1596 569 -395 127 -728 -827 22 496 178 264 -166 -280 902 931 -332 -105 -182 902 ]
[ 47 -238 1320 431 -353 -21 188 224 -876 -1556 -308 387 -224 660 -828 612 582 -36 127 -936 -310 -465 -260 436 -575 -41 471 -1404 786 363 769 -559 -301 941 -741 -838 -161 264 282 513 -949 -1069 521 -78 343 -657 -124 -369 -449 11 -677 -119 -117 746 -134 39 571 100 -46 394 268 -295 -697 156 386 -84 -28 158 483 -890 417 -95 130 938 383 ]
[ -301 718 -1150 -644 -217 -62 345 -54 404 -779 461 1545 -28 -510 441 -147 -516 244 591 788 617 1500 157 302 138 712 323 -525 1465 -1258 73 -35 -1278 -412 -625 1261 223 -579 1082 -394 -126 213 -260 -651 449 656 381 -312 54 -514 -254 -389 242 -868 -247 -384 -613 137 -121 863 956 980 137 418 -237 -444 -452 734 313 -280 -164 168 765 1299 232 ]
[ 930 251 416 -956 1521 54 327 -850 198 1713 -715 -490 644 -290 370 -937 -628 364 1360 -730 289 -29 -550 -874 972 719 -421 -219 1414 66 674 -314 -69 -33 895 151 -382 -571 -424 -1323 907 -166 177 -273 809 -233 180 329 397 -500 107 -152 -889 -1149 -222 382 636 545 -273 678 -42 -756 196 -111 -589 928 734 -511 177 -26 211 985 347 896 -477 ]
[ -473 -471 -469 449 699 254 -236 336 -607 -298 -643 132 1031 885 -965 1048 754 -158 -369 -221 79 -275 82 -433 243 -997 535 46 677 6 -547 245 640 -35 -445 524 -146 180 -580 40 -728 -542 664 -506 31 808 -531 473 775 -61 -116 537 107 -1092 392 567 -646 -301 964 288 879 -197 79 469 169 -417 283 -980 -104 744 -177 -212 431 196 -312 ]
[ 575 1180 118 -134 -818 462 -818 288 -16 -567 -169 -528 -728 -698 423 -101 -1685 -39 -426 1449 460 1394 133 699 -56 -129 -330 110 112 -894 427 -1088 -1500 184 -75 439 88 911 -301 -442 375 -351 -929 369 -267 -1070 -322 -146 -1186 515 1051 -292 -805 141 -408 125 311 1684 -867 -570 -152 1098 -249 -761 -306 -726 -325 835 602 239 -214 180 -356 -1012 -3 ]
[ 2 1053 -516 341 1515 714 1215 161 1095 -800 1585 1351 -851 11 -567 15 -153 75 -413 -340 -990 -396 72 -468 -260 -831 309 -237 682 -842 312 -1236 -1156 531 -259 -102 -250 -629 524 -9 -569 480 -712 453 141 421 219 -1047 799 15 -202 660 798 781 270 -739 -531 387 -306 -63 354 1456 137 -60 -312 315 370 310 179 -651 -646 -469 -905 -20 614 ]
[ 94 -140 -1021 -930 1550 487 533 847 703 -1392 -77 939 -698 333 -1443 460 137 -420 193 -478 -280 759 -950 -27 616 332 -60 -773 1028 807 77 -241 -170 706 -89 231 -1112 750 1422 -350 556 -372 381 395 89 -451 252 -300 562 -283 -815 657 -29 153 382 -1081 -832 816 1013 657 -475 -254 -714 -7 736 475 -120 -915 1123 -1603 -581 85 380 694 75 ]
[ 93 132 222 -1043 -264 276 -140 272 237 628 -730 -211 -841 -449 703 346 405 -153 -168 -330 -237 -250 928 -519 907 -69 -757 1387 -552 187 -329 -955 470 72 1301 -696 -1985 -642 -184 -367 469 407 15 594 204 -565 -879 153 518 367 108 -498 -1142 55 20 -13 -765 82 -23 596 -135 -1004 -176 -912 603 898 -356 -553 207 151 555 211 -479 -375 249 ]
[ -279 -201 972 -593 648 180 -811 83 -905 -285 -313 346 337 221 -959 451 -232 -179 -259 558 -138 943 524 466 -290 -1986 40 -626 -163 -576 -1340 -618 -902 -445 -187 -263 -1289 -619 -1040 272 -676 -640 -124 -293 -108 -747 -673 -204 -955 757 692 -756 -633 -53 -948 -353 -320 569 -999 -875 -73 -49 245 -407 -448 -1203 560 -307 6 -856 284 -479 -900 -823 -479 ]
[ -609 804 443 -55 -364 -392 450 -9 266 1034 568 -257 -360 -22 -474 499 255 1395 442 -607 -67 382 919 -234 270 162 267 -979 127 1328 204 -199 11 291 -911 682 -1384 -1064 -126 -763 1012 -530 440 21 589 -103 220 6 109 301 -1320 -462 693 -514 406 348 -408 529 -22 664 224 -790 -578 -29 474 -204 -702 18 234 -944 -767 -143 -424 192 332 ]
[ -9 244 761 -510 1420 -278 -647 -397 -355 1601 -418 -109 273 1207 -664 106 -220 -273 -423 -73 -740 -1295 782 -500 177 -1213 -13 1211 -360 785 -377 -1357 805 -59 -298 -847 -383 -707 -747 666 -7 -412 -229 379 396 -481 -142 -554 -244 424 552 -98 145 68 -613 296 -16 355 -198 -208 -690 -342 722 -27 -532 -711 957 -590 -508 164 114 326 302 -450 -232 ]
[ 215 618 207 291 1250 133 192 -1062 -841 -434 -557 288 376 -376 1050 -526 -1051 -26 963 -696 -694 80 116 41 460 385 394 -404 399 -100 -589 -638 27 124 142 -351 893 -394 -490 148 -607 -444 -544 -1035 580 600 705 103 -86 214 -321 479 884 584 -601 116 1576 767 -188 543 265 544 -97 622 -280 -684 687 858 113 618 37 1202 338 695 288 ]
[ 1087 -739 481 -527 -1078 94 -406 -44 20 481 -454 176 1101 -161 -605 195 -376 -208 -710 906 1228 360 -1571 31 -398 -157 237 52 465 -848 -382 1226 -117 -991 441 -546 180 423 -1307 -1245 427 433 753 -61 -1003 -109 -261 315 -13 -161 567 153 -1610 -1179 938 143 161 -374 613 -1410 181 -1234 171 -1046 111 58 -383 -903 166 532 520 147 -498 268 -384 ]
[ -251 -645 -243 -145 650 2029 -531 1103 -265 -598 -56 842 1030 -728 -664 428 203 -325 -919 676 320 240 250 -656 94 -832 151 801 93 -143 -809 340 177 45 472 318 -1024 869 162 -936 707 588 16 93 380 1034 443 284 810 166 1022 -639 -589 16 501 189 -755 134 1154 21 371 89 467 759 439 -285 49 -308 240 -114 -656 -164 404 147 -266 ]
[ 1218 962 -828 1071 421 -958 999 411 491 507 787 563 -768 944 544 -277 -402 -104 -443 -959 63 -704 10 -326 -627 969 479 53 101 856 764 -51 34 196 450 819 -92 -699 508 289 -426 -600 -326 522 -137 -113 355 -142 194 -494 -750 310 177 222 501 289 483 -750 -549 -941 -478 233 -354 419 368 171 344 -264 27 717 -254 331 -399 409 400 ]
[ -422 29 -873 772 172 195 592 -38 553 248 400 -191 188 -402 -579 -863 578 -150 339 -54 9 -617 -1409 132 -1008 777 975 -128 609 -1137 358 812 314 220 110 -41 327 551 -1208 -180 -892 687 259 230 -254 1 77 546 184 119 529 1086 101 -641 647 227 587 1123 -165 -827 506 -747 -509 -541 -524 -223 51 225 36 144 -166 -478 -209 -608 -342 ]
[ -625 -555 27 79 799 -264 -539 290 -259 821 -764 -30 85 570 -311 -112 -538 -925 357 -751 -1213 250 500 -13 496 -1910 -535 1498 -825 188 -124 -250 326 60 304 -732 62 -67 315 461 483 -211 -468 266 300 -310 591 -893 749 -77 454 -327 1030 232 275 -522 88 -132 -2 760 -505 -283 1599 391 -157 143 -624 66 -560 131 334 662 986 11 -537 ]
[ 283 -829 -17 -203 -918 215 -688 569 418 527 -139 235 706 -817 549 147 585 -299 -630 123 713 327 602 -494 140 -188 112 318 -196 -831 -665 1069 -543 -880 899 -295 -1302 -427 -674 101 -456 1199 625 -770 -450 241 -577 718 525 136 335 -406 -1185 -131 349 350 389 -578 -300 170 -39 -770 320 -1455 437 1251 705 -161 84 346 380 -241 -908 -555 36 ]
[ -330 198 -116 -522 1542 -673 807 144 457 694 -688 -364 -441 -656 132 -28 -561 -306 909 -1023 -542 577 147 135 382 102 496 -857 150 961 -127 -974 -433 1445 -732 953 -600 -582 -415 -194 736 -1777 804 4 633 -720 -586 909 243 235 -925 -400 -40 -787 -150 -362 112 632 -158 906 90 -1003 -466 -131 19 113 319 -878 254 -86 252 337 -486 80 -482 ]
[ -99 60 -2 468 59 599 -125 31 -276 -620 -667 -430 -245 1654 -166 -1276 556 -521 -7 -1056 404 -768 -1348 748 -379 395 94 -125 -59 -5 -6 -820 829 567 -174 -697 2089 1325 210 1151 -379 -1007 -749 449 274 366 918 -166 -362 157 -147 739 411 -20 -708 -474 1169 73 -382 699 763 -477 594 1363 315 -523 -28 468 -188 1348 41 835 787 646 539 ]
[ -319 -754 -136 99 499 840 -1199 798 -124 -62 -80 178 307 -1038 391 1186 -219 -717 -506 173 -111 512 -638 -1160 -369 -655 411 846 -805 1060 -1131 1809 1097 -178 367 384 -983 1067 -1071 -208 749 428 800 -382 -715 -194 18 709 1001 -447 -581 -464 -577 -799 714 290 -555 172 815 -121 164 116 -228 93 1058 264 384 -239 407 132 298 -490 -107 108 13 ]
[ 836 -802 -665 278 107 -907 73 304 -370 -115 305 261 526 249 143 100 -193 487 2 -640 -298 382 -94 126 367 -84 671 -447 1765 -1126 266 -336 -1052 -780 613 97 96 -65 -897 -503 -1158 -302 512 -925 117 -332 -702 321 445 -110 348 672 -340 337 130 -753 1296 -205 -297 -122 -64 445 -37 -1091 -206 504 -116 -108 58 873 150 626 -719 111 78 ]
[ -174 103 -118 -1203 1252 1172 201 603 700 437 -388 -537 -56 -700 -534 -111 -344 660 580 -44 384 274 -173 -530 144 390 873 -151 689 -19 628 -788 -898 1365 -523 379 -34 322 -33 -86 1296 73 541 -95 754 -219 -146 911 737 931 66 -146 286 286 -931 246 -56 1449 -253 706 495 -802 137 264 -802 578 564 -130 322 -447 -514 -521 -692 -291 -130 ]
[ 760 -300 325 54 -1524 -1726 484 -345 85 415 794 -746 -254 -459 1475 166 20 -8 -453 -1299 -839 75 -306 -1101 -322 598 -395 95 699 691 694 1220 407 -1590 483 -823 263 -744 -115 -171 -409 -308 -21 -601 -338 1106 -600 809 813 -1035 -714 -95 -833 320 266 101 1131 -148 264 -5 -260 1185 45 -896 496 965 559 -586 297 -6 -97 698 1397 -467 230 ]
[ 387 376 100 363 1477 1098 599 896 168 -1069 738 79 -221 -797 -87 215 351 359 565 -616 105 -1392 -180 -489 -794 481 1683 -812 29 -311 260 7 -577 805 -427 426 -15 -193 -171 262 -1 410 368 -169 -1276 -289 -54 518 150 1143 -88 787 242 440 485 307 219 1713 -286 -489 -288 -296 -288 -632 -324 358 40 -832 -31 -244 -817 -202 -769 -229 -6 ]
[ -953 -1089 -330 -82 -118 691 743 -307 -50 -1242 -484 -254 -419 14 172 -561 56 -111 -199 -763 -202 109 -381 53 -12 -165 -987 840 629 -222 582 -1852 5 67 -54 82 1809 901 1046 344 15 -512 -741 630 393 -392 436 30 317 -395 904 -266 329 952 -442 -838 82 -384 429 891 -459 -280 451 861 272 565 -973 320 266 102 -150 508 791 1053 30 ]
