[ -85 -56 10 107 50 -89 166 194 -9 -24 64 -97 -170 -128 177 -150 -65 -46 91 -98 -11 3 145 23 6 4 -23 29 17 32 216 80 15 72 153 -62 42 -212 -10 -39 -16 -25 -3 -15 35 -88 200 141 63 -104 101 -86 138 -21 146 73 -144 77 63 -76 -82 3 32 59 0 1 -120 6 0 -4 26 -48 -99 34 26 -34 -8 -8 -1 3 -37 37 11 -22 52 -35 -28 0 -29 -43 140 -5 -86 -77 -45 -21 32 -3 -130 8 0 -31 0 -53 27 -48 54 1 16 -11 2 2 -14 -16 0 -4 0 52 -5 -1 0 -89 10 123 106 27 21 3 115 141 18 0 185 0 0 -68 0 42 23 61 ]
[ 102 56 -10 -94 -93 145 -86 -257 32 -15 52 -21 65 66 -198 70 77 -45 -164 -32 -117 -203 11 54 -174 82 -3 -90 -67 -54 -127 -46 54 -49 -60 63 -27 138 26 -27 -16 234 68 279 -67 56 -130 -72 -89 33 66 6 25 -12 -23 -85 18 -20 -36 115 9 43 19 -42 0 55 151 4 -15 -53 -13 -5 -45 -40 63 -57 -84 -50 7 -58 91 34 25 125 33 94 48 0 -20 -76 106 94 126 81 -63 53 -135 -6 -107 -12 0 42 0 -101 80 40 -65 -44 -22 -67 -64 2 89 9 0 -63 0 -10 -6 -13 0 33 19 55 44 -34 -58 104 33 -116 -33 12 -224 0 0 13 0 28 42 -58 ]
[ -38 -135 -78 190 -25 1 87 148 39 -124 41 -105 -117 -60 -86 138 -76 130 155 -94 -23 45 -9 -19 119 56 103 130 26 30 -22 -16 -57 -15 137 -108 25 -89 117 -51 17 1 63 -107 123 -101 112 -18 64 114 12 7 -5 -40 321 137 125 138 -128 88 27 75 24 -48 0 109 -125 7 12 9 -9 -150 -58 -43 -26 -46 -17 35 -18 67 -90 36 30 4 -3 -22 20 0 55 -1 -160 -10 -12 -16 -52 -27 16 10 -41 0 0 -19 0 -82 -127 -79 -119 21 13 -90 -54 -6 -44 -9 0 34 0 -1 -19 -43 0 -85 -1 79 91 -5 -24 -2 -8 -32 38 0 15 0 0 -191 0 -82 15 -18 ]
[ -3 31 92 -12 -109 113 132 -147 -64 -23 67 69 -170 140 -67 -36 48 -212 -168 -27 -75 -46 -85 112 -188 -17 19 16 120 69 38 56 47 -8 -66 17 74 -109 -55 25 99 -108 -162 60 74 35 -130 -92 52 -204 57 -65 54 62 -140 -76 15 -37 83 -109 17 70 18 115 0 14 68 6 19 -4 21 73 -73 -65 28 89 70 17 7 -120 0 38 -1 151 62 56 29 0 10 -77 313 64 165 56 103 45 85 -9 -18 -5 0 0 0 -37 -45 -31 -8 2 -3 83 4 6 -2 9 0 -42 0 155 22 5 0 -37 39 126 107 6 28 101 -110 -64 -14 13 -10 0 0 49 0 -146 -47 -19 ]
[ 51 82 8 -107 156 -75 -86 -194 6 88 125 -150 26 12 129 -137 16 -157 4 -25 134 -129 -18 63 -62 11 -127 -86 -166 98 145 -114 71 36 49 177 -209 -50 176 -117 -67 -17 84 65 -148 81 -48 82 62 -32 56 105 117 -25 -22 91 -57 -13 245 -75 -132 -49 -48 57 0 -69 187 -9 -30 -19 19 77 40 122 119 -152 19 -110 25 -166 0 -40 -29 -43 17 -126 -72 0 -34 -6 7 66 -112 -104 -13 38 -75 -21 -60 -4 0 39 0 107 174 18 -8 -44 -17 -13 24 7 29 -185 0 -39 0 -77 -25 39 0 37 -7 138 76 -28 -26 40 86 134 -31 4 17 0 0 27 0 205 55 42 ]
[ -87 -163 -19 72 -52 -126 -36 -35 111 -32 42 -274 -57 -302 27 -12 43 151 -4 -154 65 49 73 -5 -12 21 -91 -157 -132 126 -30 -6 -50 -113 73 -42 -99 110 267 -69 -47 52 223 -94 44 -70 50 78 -88 183 -8 213 34 -69 133 101 53 80 41 -2 -143 -46 -6 80 0 -23 -11 13 -15 0 0 6 -58 -22 51 -114 -69 -42 -4 -103 -154 -40 -25 -59 20 -140 -58 0 16 -76 -170 -3 -30 -17 -13 -3 -170 13 -162 4 0 2 0 59 4 -55 -94 -22 -16 -68 5 -2 31 -74 0 40 0 -21 6 -11 0 -15 -29 138 36 -8 -115 28 -31 32 -5 -6 -40 0 0 -115 0 137 64 3 ]
[ 138 -84 86 67 16 -38 -119 73 15 -36 -127 -54 44 -13 33 -29 142 57 -23 -193 38 -57 70 -58 -109 -98 -10 38 -71 -97 -55 -104 -146 37 -130 -29 -110 62 71 -133 -111 49 21 68 -1 46 -44 16 -41 54 -99 62 -39 -126 -6 -70 -100 42 69 -35 -78 -65 -87 116 0 -9 -133 6 -10 13 -22 21 -13 -13 -95 -70 -76 35 12 -23 -37 -77 1 -58 -46 39 -35 0 -4 -53 -28 -33 15 58 -5 -132 -35 31 -51 33 0 -7 0 83 40 71 -17 10 -7 -6 -17 18 20 165 0 24 0 -45 -71 46 0 -28 14 -55 -117 23 16 88 -38 96 -14 -30 115 0 0 -4 0 53 24 -44 ]
[ 43 -181 -152 3 -69 -84 63 244 94 -116 -65 -167 7 -134 -45 -44 -79 22 118 -171 -5 -159 191 23 -115 -10 -149 -4 -7 -194 -1 30 56 182 117 -52 35 69 43 -2 -212 154 33 48 125 -60 247 -5 -58 98 -5 21 149 -110 83 17 15 103 -96 -91 -38 -47 95 -11 0 60 -201 -2 3 -11 -16 -107 34 -68 -70 9 -136 18 -1 104 24 14 32 3 -16 -20 68 0 29 -141 145 -96 41 -11 -25 -51 -71 11 -269 6 0 -10 0 -41 -5 24 30 21 9 -55 -13 10 68 179 0 25 0 83 -16 -26 0 -63 24 -27 -37 -2 8 80 48 51 25 -6 190 0 0 -214 0 -123 -15 -45 ]
[ 132 19 -32 -177 92 79 88 82 -156 -20 -25 50 -45 -135 66 -174 -10 -89 -174 20 4 -154 148 7 -7 106 -94 -49 30 -38 105 86 217 171 15 -57 37 -20 -9 42 -50 11 -73 258 -171 70 60 107 17 -39 93 -61 204 -107 -49 -55 -113 -38 137 -50 -130 50 130 -75 0 52 -142 -30 26 -92 15 26 23 -130 82 -54 20 -114 23 57 100 123 63 -32 46 -14 51 0 -28 -121 195 -162 29 -130 35 84 -93 -50 -205 -13 0 -4 0 -68 160 -15 74 -24 17 106 -98 -10 84 -13 0 -84 0 112 21 -48 0 98 -4 97 133 -22 136 -18 82 39 -26 21 16 0 0 -92 0 15 -41 82 ]
[ -136 4 -97 42 43 -189 -96 -18 109 137 106 76 -14 297 30 -11 -132 -102 9 163 186 94 -91 23 -13 -10 -47 -55 108 52 76 -96 7 112 -41 276 -115 -14 -217 68 -14 -158 -18 -58 -3 51 25 -88 104 -41 45 25 -53 175 -163 152 20 -88 72 -167 104 54 1 57 0 -160 181 -5 -64 -3 65 67 43 217 -7 111 58 -13 -5 -34 58 -6 1 -44 24 -161 13 0 -1 -5 89 -21 -190 -9 -37 42 110 -15 64 -24 0 43 0 148 55 -57 119 -8 6 26 75 9 18 -136 0 53 0 -30 -15 88 0 -15 -10 13 -91 -18 16 24 -55 -15 -16 15 -51 0 0 168 0 128 24 25 ]
[ -78 113 102 282 -31 -9 244 178 48 53 174 3 -100 186 102 -23 64 71 -20 97 -77 189 21 15 -71 52 98 -54 121 31 94 35 -5 -16 -85 147 180 -221 -208 81 -23 -76 12 -70 33 -66 56 -68 39 -136 126 -111 -139 136 -120 -59 -238 -152 -25 -54 -48 19 39 34 0 -157 6 29 -31 -36 66 73 -94 85 -7 86 -39 37 -11 8 15 19 -9 0 76 62 -47 0 -84 113 242 92 -56 86 -44 1 83 9 16 2 0 -22 0 -29 6 39 177 -19 2 19 35 12 -45 106 0 1 0 40 -29 26 0 -23 25 -49 -68 19 78 8 89 37 -5 0 115 0 0 252 0 13 93 31 ]
[ 108 161 40 2 181 67 -49 -95 -37 28 24 -127 192 169 1 -1 102 -25 193 29 -25 10 22 -44 37 61 5 0 -130 50 74 -193 -12 -37 -122 201 -124 64 121 -76 -106 15 115 -59 -58 159 -287 -70 70 69 138 -14 -123 24 -43 -98 -103 -64 102 138 -40 -35 -166 -179 0 -116 150 11 -31 51 1 15 48 132 142 -87 25 3 12 -112 121 -104 -98 44 -47 134 -147 0 -65 295 -44 115 30 -15 -218 -19 94 12 119 5 0 15 0 56 115 177 -80 -66 -53 -75 -7 -6 -77 -55 0 -101 0 -113 -119 37 0 16 -13 -152 -85 -18 -113 31 54 -25 -24 -10 -109 0 0 41 0 87 144 29 ]
[ -90 -142 -98 -54 -82 -96 150 84 43 -15 169 -89 24 -187 115 -60 -45 44 86 89 140 -11 6 -54 259 -9 -4 -139 -12 52 175 51 127 -20 80 -30 -114 115 227 106 -49 -105 30 -313 133 -54 96 52 50 157 118 143 75 -90 18 99 60 -2 4 -63 -187 -47 -35 -103 0 -19 -48 -20 -2 1 31 -96 106 7 163 -75 -1 -67 20 4 62 -2 -59 -115 0 -113 -64 0 -15 104 -76 -44 -107 -169 -172 82 39 -28 -110 -9 0 27 0 -21 -12 22 39 -31 -14 -56 -31 -10 -17 -27 0 -13 0 126 16 -48 0 52 -56 -16 170 -39 -45 -34 9 98 -13 4 131 0 0 -84 0 -32 39 93 ]
[ -40 -45 56 -102 56 -129 -54 44 77 46 -184 -49 99 -190 110 -106 137 -18 139 -95 -121 2 145 22 -175 -31 -192 -129 -126 -179 58 -37 -30 53 -10 -55 -117 45 -126 -80 -236 158 215 116 28 5 -65 64 -57 6 -46 12 86 76 -126 4 -97 1 10 -11 41 -45 60 13 0 -184 -79 -2 -37 31 -8 154 -97 66 -10 60 -38 23 -6 -53 -1 -91 -70 21 0 25 -86 0 -7 -146 133 -23 -85 -48 -5 -29 -79 10 -82 2 0 2 0 108 4 -11 0 -1 2 -39 135 -1 51 -1 0 -13 0 -71 -15 27 0 -30 8 -135 -188 26 -88 16 84 54 16 -2 95 0 0 -124 0 -4 36 -41 ]
[ -46 96 91 159 100 -2 18 324 38 31 46 46 -28 2 215 104 68 238 69 54 -87 87 124 -144 82 20 160 120 71 -191 56 53 -77 -26 68 -168 57 -222 -150 -56 -46 -16 118 -11 -62 -79 174 57 105 -77 -18 -153 -54 57 184 47 -80 6 -66 153 79 69 92 7 0 -47 -269 20 -10 -78 42 69 -112 40 -93 76 1 15 -32 104 -157 76 74 -63 57 -8 -27 0 30 49 -135 -71 -130 -68 225 -18 -9 26 72 11 0 -108 0 -47 -101 -114 32 38 35 -5 36 0 -53 11 0 74 0 -21 -9 9 0 -40 -6 91 -80 39 105 -92 33 44 41 -4 49 0 0 -15 0 48 47 59 ]
[ -86 -43 -34 92 -28 -46 171 -26 -76 -57 -102 -77 228 41 -219 -46 40 69 296 -20 -161 137 21 -20 -19 -31 -137 -41 31 -66 23 -174 -36 44 -38 73 99 -54 55 35 19 -26 46 -146 155 82 -121 -92 -47 53 45 29 -107 61 -159 35 -1 -113 -51 -81 35 64 33 13 0 -124 -2 -2 -24 86 22 92 13 -17 -1 40 -8 50 16 37 88 -128 -131 36 -32 44 -48 0 3 30 243 -5 -17 36 -28 -1 -15 4 -16 3 0 -11 0 -33 -171 103 27 -17 -27 4 104 7 27 56 0 -32 0 -85 11 16 0 2 12 -144 -79 -11 -140 -1 -6 14 -14 -7 104 0 0 10 0 -60 30 -38 ]
[ 172 -25 73 42 58 -19 -125 -36 -21 54 -61 23 -129 -18 87 -162 58 -99 -175 -98 183 28 -52 16 -208 24 -95 15 7 134 -53 -15 -44 72 6 58 25 -97 19 -153 -105 120 93 224 -163 37 38 18 -76 18 -98 -24 40 -16 -92 -141 -108 27 133 51 -26 -150 -50 113 0 -2 92 15 24 83 -9 11 16 98 -17 -87 28 46 -7 -14 89 -8 -22 23 1 110 -32 0 -93 -42 45 55 80 23 -38 -70 113 3 41 10 0 -5 0 79 252 12 -74 3 8 2 -9 -2 -41 35 0 -55 0 -25 -9 -67 0 33 23 -44 -59 51 -1 42 128 109 -22 -4 -6 0 0 92 0 158 -37 -27 ]
[ -16 0 -100 -7 -4 -146 75 342 180 73 -42 69 27 -51 102 -123 40 106 42 -1 182 45 112 -63 106 -75 43 -69 -2 -194 119 98 143 42 -32 20 -32 79 -171 213 -275 -93 45 -47 53 -147 285 82 -8 -42 18 -46 80 67 -82 -4 -138 13 -27 -70 -157 6 16 -34 0 -33 -118 -1 -41 -53 11 -47 184 104 -37 108 -149 30 -5 140 -21 37 6 -151 -33 -130 24 0 -98 3 -125 -49 -145 63 -155 -14 73 16 -73 8 0 -20 0 -18 115 27 242 -7 6 5 -21 9 33 10 0 70 0 124 -31 -6 0 -39 -25 -188 -91 3 184 -50 99 77 35 -15 152 0 0 82 0 0 61 117 ]
[ -54 -70 -60 -57 112 -138 -40 -35 -75 -4 -42 -28 150 -152 51 -67 -79 4 120 10 -72 -17 210 -105 -7 4 -113 -70 -77 -118 -96 -72 27 9 -69 59 -145 90 -120 71 27 136 42 51 10 13 47 8 -52 121 -126 41 19 -54 40 152 -49 -26 -49 -111 105 14 8 -5 0 -96 -108 -6 -43 52 17 60 -72 -11 -36 3 -52 -53 -4 96 19 -57 -16 -6 1 16 -17 0 118 -67 54 -72 -171 -91 5 -11 -209 -16 29 -13 0 5 0 86 -43 -86 4 3 17 85 74 3 119 22 0 -20 0 -170 -1 99 0 4 4 -136 -154 -21 -115 22 107 129 5 11 73 0 0 -123 0 15 -30 -61 ]
[ 48 23 -31 -29 11 -66 -73 70 51 -13 -112 -96 79 165 -84 -39 -39 -25 82 -111 45 7 32 156 -277 -60 -304 47 -20 29 18 -64 -134 18 53 161 -26 21 9 -12 -34 -111 -89 -81 21 134 -36 2 -63 -71 -3 68 33 40 -154 -150 -66 -8 188 -119 -9 -175 54 23 0 -7 55 24 31 38 -38 60 87 -15 -84 19 -41 85 -7 -48 147 -91 -103 74 -58 -103 -25 0 -58 -7 80 30 166 89 70 -86 133 50 58 19 0 26 0 117 80 121 32 20 -36 0 23 8 -106 146 0 -9 0 -66 -33 -22 0 -17 49 -68 -138 10 -39 28 -78 4 33 -25 4 0 0 31 0 48 39 -46 ]
[ -8 -131 87 -9 -45 -21 -49 1 -125 6 -3 54 -40 21 29 -109 -74 -128 -6 -56 23 -102 108 56 -23 -172 -74 5 42 13 150 49 -180 201 -65 27 -55 -78 111 -68 83 118 -225 -3 -27 22 -51 189 62 -73 14 31 42 -116 -27 -61 -33 30 133 -234 -39 24 -85 194 0 76 -60 -16 34 -2 22 23 35 -11 -63 30 98 8 32 -98 8 -25 0 -43 -8 -48 15 0 -21 -106 152 -25 -6 -23 11 -65 -98 -2 -230 24 0 -13 0 58 85 155 120 0 -11 -5 -2 5 114 78 0 16 0 75 43 77 0 21 -14 14 125 52 15 33 -110 169 -103 -17 116 0 0 41 0 85 -43 5 ]
[ -263 155 56 154 77 -31 164 114 -14 -78 -2 -87 121 40 39 -186 -93 -147 121 91 -106 198 -42 -9 -36 -92 -25 -69 14 150 204 -17 36 -22 26 69 254 -121 -64 66 102 -296 84 -212 120 -23 -5 3 -1 -130 115 -86 -53 111 -196 24 -131 -89 86 -223 -74 38 -12 81 0 -161 86 19 -55 64 41 107 -76 76 47 66 27 -18 -8 -97 -181 -45 -42 -39 22 -14 -78 0 -61 91 123 61 -117 118 -18 23 118 11 59 -1 0 -41 0 7 -117 -18 131 -23 -4 59 108 13 -25 -150 0 18 0 1 -29 53 0 -141 -5 113 -24 -9 60 -59 73 -48 38 -2 204 0 0 223 0 42 43 76 ]
[ -90 -160 109 -105 -117 -60 -88 -37 122 193 -140 148 -97 -176 188 -38 39 100 -190 -114 24 180 118 -13 74 -74 27 -217 18 5 62 77 -57 -142 -124 -102 -111 213 -173 115 -79 93 92 182 -58 -32 -191 138 0 -13 101 -114 -42 69 -165 -127 -170 4 -64 83 -35 72 -77 64 0 -32 -62 -26 -17 43 3 30 -49 46 72 79 45 41 21 -27 100 -71 -61 -3 -6 68 -47 0 -36 -53 88 -41 -41 43 -206 -18 15 -13 -105 1 0 78 0 41 106 -4 14 -27 -18 3 11 -14 72 12 0 -2 0 29 -5 -13 0 29 -49 -247 -70 25 -90 51 -88 31 -84 0 -135 0 0 75 0 124 23 -11 ]
[ -56 -53 -71 -45 -113 110 92 192 7 12 114 208 28 96 -18 155 -91 -21 -67 113 -153 26 38 9 170 99 65 -51 179 9 179 -84 -52 -11 45 -95 24 -77 -163 43 177 64 16 182 -1 85 -105 63 140 135 256 -45 62 -78 76 -7 22 -69 22 70 20 227 176 -205 0 80 -103 -23 5 -10 65 -126 -94 -146 148 -16 115 -39 10 74 241 117 -34 68 83 91 1 0 -33 -85 166 -71 -48 -165 -113 149 116 -47 -103 -36 0 80 0 -133 -5 -92 -49 -33 -7 -142 -102 -20 -73 15 0 -67 0 15 22 -73 0 28 -28 88 189 -48 -8 -14 -43 -110 -56 36 -137 0 0 -84 0 65 24 34 ]
[ -25 -71 72 82 -60 104 -49 -32 -94 -133 57 226 -161 95 17 12 -250 -1 31 74 34 98 -180 -65 44 -106 132 170 119 158 -61 -31 -64 -37 7 -40 -147 -153 25 -78 100 20 96 -96 101 -64 -161 51 237 4 -52 -149 -44 84 184 82 150 104 -81 32 265 66 -18 -32 0 78 -95 7 30 121 17 8 -77 85 -34 -6 203 83 -34 24 60 24 -41 132 -13 75 -43 0 71 58 -76 55 -25 -12 -86 -18 158 -3 220 -13 0 -50 0 12 -59 -150 -160 21 21 1 -24 -29 -19 -139 0 -70 0 -27 -14 -38 0 -71 -9 -77 114 16 -94 -22 -6 -22 -14 18 -46 0 0 -98 0 -114 -27 -71 ]
[ 77 -19 -122 51 141 132 -98 91 -73 -70 12 85 206 30 -132 166 -56 123 22 160 -169 -135 123 -81 45 95 -3 21 40 -209 -102 45 -88 -31 48 -111 46 10 -69 69 32 196 50 261 -186 89 37 -5 -39 155 22 -61 37 -49 158 59 77 72 -36 172 163 82 164 -140 0 1 -119 -1 1 -66 5 -3 -98 -35 -1 -3 -22 -86 -31 194 135 99 81 42 18 63 20 -4 56 -99 -121 -27 -53 -84 6 31 -106 -14 -5 -21 3 -19 0 -157 -25 -81 -29 26 40 -103 -73 -21 66 33 0 -33 0 -91 -13 -100 0 38 11 -69 -35 -41 -3 -69 121 -15 34 21 -179 0 0 -94 0 61 -3 -93 ]
[ -36 -72 16 -51 -6 -150 -225 -227 -10 60 -145 -106 139 -78 1 -114 104 -53 -82 -49 65 -53 59 -106 -110 -89 -43 -119 -138 -28 -135 -50 -54 42 -176 111 -157 371 38 -45 28 57 -154 -140 60 40 25 13 -261 140 -95 82 -118 -62 -218 -94 -80 23 -88 -13 -84 -202 -267 107 0 -56 88 8 -45 58 0 5 34 110 -57 3 -118 4 28 -6 20 -128 -3 -54 -36 108 4 0 -17 74 -37 29 -37 36 -105 -87 -19 36 27 37 0 32 0 56 31 98 -1 -29 -49 75 -17 21 45 97 0 -1 0 -26 -8 131 0 2 -18 -70 -188 58 -97 100 -28 77 -1 -41 -14 0 0 143 0 96 16 43 ]
[ -126 -186 -22 -95 -165 -92 -16 61 154 55 -93 55 -88 -51 -81 99 108 93 92 -125 -33 -56 215 1 17 -18 -20 -14 71 -159 55 -28 -76 48 -38 -105 -122 256 -199 86 -133 80 -18 41 204 0 -88 -43 -54 60 96 87 42 29 -29 -23 62 -8 -80 -22 39 109 45 19 0 33 -141 -35 -10 -36 -37 -10 -36 -102 3 164 -59 52 18 -54 10 -5 0 35 14 -140 73 -4 25 -157 141 -126 47 88 -105 -5 -45 -15 -267 -1 3 70 0 40 -67 24 26 14 8 -85 24 -4 96 171 0 45 0 116 23 61 0 -42 -1 -26 12 8 -50 64 -186 -105 -34 0 -78 0 0 -190 0 -119 20 -39 ]
[ -165 -207 5 25 30 -94 -160 -33 11 28 51 -53 3 24 97 -13 -150 141 166 84 147 88 132 -135 250 -56 -49 28 164 68 155 3 -180 83 131 -52 -10 54 154 -67 91 20 -26 -198 -6 40 -14 55 41 81 161 -49 -101 -54 21 21 124 23 -21 108 61 3 -131 72 0 5 50 -2 2 79 22 -77 19 109 73 18 127 13 -4 -21 8 -112 -19 -53 12 -59 -50 -9 43 133 28 -120 -46 -64 -85 -47 37 -13 -99 -8 3 -1 0 6 18 86 15 -27 -22 -45 56 -25 11 -21 0 40 0 -50 48 21 0 30 -67 54 84 19 -204 -46 -146 40 -75 2 -160 0 0 107 0 228 -17 8 ]
[ -42 -31 0 -91 -94 141 -99 -17 29 -43 2 229 152 -22 -185 210 -3 104 -58 255 -86 -31 17 4 13 124 -125 -109 84 -85 -66 39 -145 -37 105 -131 115 14 -63 16 79 325 151 158 -99 3 -86 24 -178 175 -3 70 36 -47 -7 -74 131 -127 -59 191 134 68 203 -141 0 61 45 -9 27 -15 -2 77 -75 -175 4 50 29 1 -33 85 62 74 0 14 42 -8 -17 -3 -5 -186 -79 -32 11 -80 27 99 -102 -34 -60 -40 4 65 0 -30 -1 -15 -22 23 31 -144 7 -30 35 92 0 -26 0 -107 99 -66 0 110 -24 -63 52 -19 -26 -160 35 -82 -28 30 -201 0 0 -51 0 46 -72 -96 ]
[ 52 172 38 -88 179 79 38 -134 -128 33 -32 -131 -42 -137 2 -138 124 38 30 84 -66 -12 61 80 -43 95 -66 -11 -128 10 -35 70 151 71 -5 94 106 -74 56 -36 -84 117 -2 104 -187 -27 52 52 -100 -134 -50 -100 29 25 -97 -84 -54 10 49 61 -134 -69 -19 -10 0 -15 116 -3 8 -54 -50 90 149 6 50 13 -28 -65 11 3 -123 -15 30 -23 12 31 41 -5 -19 91 33 60 55 34 76 -12 -220 -23 -77 1 2 -36 0 -5 138 94 161 -33 3 123 44 2 143 -107 0 -38 0 -22 81 17 0 126 1 -66 -3 4 45 -87 137 73 -1 -9 -56 0 0 54 0 -50 -2 6 ]
[ 36 -193 128 187 -18 113 31 51 144 -158 54 14 -176 7 28 133 21 -67 -202 -122 -46 26 1 5 -24 65 134 -47 43 46 46 46 -72 -108 -65 -167 -96 10 -53 -31 21 -137 -6 41 54 -78 -77 -74 14 59 77 -58 11 -70 102 60 -23 108 5 109 -45 103 5 31 0 -19 -140 23 -29 7 41 -92 -276 -52 -2 -19 -2 -33 -24 -4 -60 40 50 29 48 125 -58 -16 29 -146 -53 27 -20 -33 -140 -33 121 6 -5 -7 3 38 0 -24 -65 -153 -182 -9 -6 15 -137 -28 -49 20 0 -7 0 27 -108 -56 0 -139 -32 60 3 -24 -19 139 -46 -9 18 16 -23 0 0 -71 0 -62 1 -21 ]
[ -62 -69 106 17 -60 134 21 -225 -16 -101 195 65 60 43 -245 132 -14 42 -8 -45 -47 -66 12 -40 9 -17 123 80 -12 4 -29 37 -65 -156 33 -24 -81 -9 113 129 249 -25 -60 -116 37 -62 -43 23 -8 -5 -6 40 -13 -4 99 68 112 56 -79 29 51 144 -90 145 0 169 45 27 19 3 13 -102 3 -95 -69 -18 8 -19 -23 -24 -116 -1 -30 35 23 -120 53 -7 31 -74 -238 114 11 95 20 1 -183 25 20 -5 3 -19 0 -73 -121 13 -65 -12 -31 -9 -43 -20 80 -66 0 33 0 -34 57 -21 0 -2 -44 97 176 -24 -81 -5 -41 8 -29 4 -140 0 0 80 0 20 -7 5 ]
[ 43 88 73 -55 -103 -58 35 -115 79 22 134 -187 -55 191 81 137 157 -104 46 -89 -139 -216 -33 272 -207 22 -90 -64 -118 -75 31 -32 -95 -10 -12 119 -82 -79 57 -167 -91 83 18 51 48 27 -144 -115 37 -197 59 187 25 30 48 -10 -45 -65 85 -101 -45 -97 33 44 0 -72 128 1 9 -129 -33 115 -88 4 32 0 -72 22 27 -267 -5 -16 -22 92 7 -60 -55 15 28 14 237 80 110 -1 163 -15 -83 20 -143 14 -11 20 0 70 -26 137 -2 21 -2 -118 116 39 -67 153 0 -7 0 13 -75 110 0 -23 103 113 -22 -2 -1 137 -130 -86 -5 -5 68 0 0 -121 0 -91 88 -76 ]
[ 5 70 -18 -245 106 -1 23 -143 -95 167 -21 302 22 59 5 100 -59 -184 -18 172 81 93 -131 24 125 -2 12 46 163 -12 -33 35 38 -75 -2 15 3 -26 -191 184 194 -48 -154 54 -103 58 -101 -4 34 -14 -99 -10 60 75 -163 -2 141 -126 -43 2 181 97 -17 -20 0 57 116 -30 75 56 -33 28 125 -106 -23 167 201 40 -6 81 86 -14 -56 35 -19 -10 37 7 40 -37 -27 -71 17 -112 158 84 76 -43 163 -29 5 56 0 91 -40 -45 18 70 31 88 103 -21 -20 -14 0 -11 0 -63 96 10 0 93 2 -218 -48 -7 45 -113 -39 8 -4 30 4 0 0 1 0 -143 -200 -22 ]
[ -93 158 -19 125 59 49 61 93 37 -32 154 -300 66 -25 107 113 14 70 135 23 -253 84 85 149 76 73 -58 -13 -143 70 156 87 -72 -171 174 -43 143 -169 144 -35 108 -69 -40 -126 -30 -3 83 23 45 -63 71 22 24 -91 151 54 4 40 142 22 -148 -9 63 -19 0 -39 74 31 -12 -52 31 -19 -73 -65 101 -91 -30 -66 -13 -85 -158 -21 -1 -3 79 15 -43 -4 10 95 -51 114 -26 -62 127 21 -118 22 8 -4 -1 -11 0 -105 -95 -3 -17 -30 -34 -63 36 8 -104 -103 0 45 0 -55 27 -36 0 -5 -12 215 105 -32 -44 -60 38 51 38 -7 27 0 0 46 0 134 98 27 ]
[ -39 -41 -96 104 29 -12 -3 127 87 -38 89 -134 -51 44 121 7 -171 -3 28 -27 -66 -129 206 57 -82 61 -78 -38 -43 -81 60 41 86 39 9 92 -92 50 -175 77 -135 34 -41 65 55 0 156 -14 76 13 135 -89 57 23 61 82 -91 69 -28 -65 -16 -10 77 -37 0 -16 -91 -5 -31 -57 19 -59 -96 75 36 22 -114 -70 -2 83 150 83 61 74 48 57 66 -1 -1 63 127 23 -129 -29 -146 -26 -23 -7 -137 1 -3 7 0 -16 53 -27 28 0 -3 17 -92 1 67 51 0 -43 -2 57 -85 32 0 -61 17 -44 -33 -29 27 128 117 73 15 4 36 0 0 -156 0 -46 75 -13 ]
[ -94 -68 -26 -10 -21 -97 154 67 11 8 125 -37 -227 -117 229 -56 123 -24 126 -7 114 128 35 -7 23 -66 38 -15 59 39 110 121 -42 -127 58 -65 -159 -73 109 27 -18 -95 44 -229 173 -99 -54 90 71 25 44 90 219 6 19 54 137 106 95 20 -13 -42 -42 16 0 -68 -83 36 20 84 43 36 -28 3 88 96 99 73 -34 -83 -102 -10 -116 144 90 -75 -107 -5 37 -14 -14 42 57 -110 27 33 136 4 -16 -11 2 -86 0 11 -45 -135 -95 3 -9 -63 45 -31 -123 -53 0 -48 0 171 34 18 0 -101 18 27 109 29 -79 6 -77 21 51 20 4 0 0 -120 0 -96 32 52 ]
[ 60 58 52 5 96 115 -16 91 -47 -99 96 109 -25 96 82 248 53 -73 -149 59 -166 -96 -83 38 92 56 148 81 -39 -9 48 1 -100 -184 25 -199 -82 -51 -5 -57 173 -89 -24 99 -25 10 -46 -18 97 -29 -15 31 46 -110 231 51 -29 59 87 70 -19 98 -3 -160 0 25 -37 21 11 -81 -12 -29 -174 -166 83 -64 25 -64 -31 -33 -57 33 29 -20 -8 49 -82 6 72 -62 -96 5 -37 -125 47 41 30 18 164 -24 6 66 0 -84 -107 -162 -64 20 22 -49 -50 3 -113 -1 0 11 2 -109 -94 -9 0 -69 9 146 47 -62 107 -23 6 -67 76 13 16 0 0 -52 0 -41 -8 -36 ]
[ 48 -18 -42 -165 43 86 -47 -41 -38 12 19 45 109 2 -145 28 -16 41 -48 56 -67 -80 77 33 -206 102 -180 -12 -25 -140 -42 24 131 33 31 77 -121 39 -29 70 -39 64 91 71 -44 29 0 -2 105 42 3 -37 63 143 -88 -75 8 -67 -77 47 55 59 91 -123 0 40 -30 7 7 -50 28 137 67 -53 -8 77 3 -38 -20 50 138 -27 -70 97 8 -42 32 -2 15 -73 62 -37 21 -4 101 83 -154 7 -58 -26 7 36 0 -45 19 7 68 -30 -33 83 -23 -14 94 15 0 -56 0 -71 36 -72 0 115 -3 -76 12 -24 33 0 87 11 20 11 -93 0 0 -14 0 -44 29 -22 ]
[ 31 101 7 -31 33 -105 -190 56 108 204 -35 17 -58 77 114 37 118 72 -54 84 116 111 -52 57 21 96 -81 -71 -85 163 -11 -115 -71 80 -173 180 -207 87 -162 -74 -82 10 -65 -85 -82 96 -62 16 16 95 -35 172 -135 94 -84 -25 -62 -128 121 -21 -41 -89 -9 -98 0 -151 102 -28 0 -28 16 88 41 91 -24 7 39 16 13 -66 157 8 -7 -144 0 -84 -9 5 -132 75 -91 -4 -102 -29 -100 -15 14 -13 128 16 2 80 0 200 154 38 32 -16 -11 -7 -33 -4 -80 26 0 22 0 -20 -8 39 0 95 -55 -17 -86 42 20 -57 -51 -20 -48 -18 -81 0 0 62 0 155 93 78 ]
[ 31 185 -27 -86 75 -12 -3 -162 -25 182 35 161 70 109 -67 12 126 3 32 177 118 142 -87 -62 115 156 87 -5 -24 27 -10 -165 90 -54 -125 217 -79 -80 -152 5 56 -55 66 68 -162 83 -149 -73 39 -4 -67 58 -48 68 -81 42 -9 -204 178 68 14 97 1 -115 0 -90 206 -19 -78 -12 33 64 133 29 37 -57 34 -71 19 19 -1 -21 -25 -104 -25 -47 -47 -17 -6 58 -171 35 -77 -23 -27 79 -23 -53 174 -28 5 34 0 115 154 42 76 -48 -5 43 24 -10 36 -181 0 -7 0 -172 39 91 0 162 -38 -75 2 -41 22 -66 19 30 -39 13 -145 0 0 90 0 131 33 29 ]
[ 79 -77 9 -98 -94 131 -93 68 -51 -74 -90 166 132 63 64 93 -40 172 -21 50 54 -127 -91 -151 137 -81 68 89 65 -201 -96 -14 -88 76 54 -213 21 77 67 -56 57 6 -66 -80 -20 72 14 36 -22 3 -36 -83 -21 -102 -18 -114 93 -24 -139 153 94 -97 -6 2 0 137 -209 -46 50 20 -15 -29 86 -102 -96 -53 42 20 32 187 164 16 33 -71 -59 76 42 6 24 95 -111 -120 53 -42 102 -76 106 -7 73 39 -7 -53 0 -107 -118 68 -42 70 22 9 -45 -2 -39 264 0 -5 0 47 2 -49 0 102 1 -71 47 29 51 -59 -109 -1 -19 -21 51 0 0 -38 0 -76 -38 -20 ]
[ -21 -42 97 -7 42 -71 211 78 -72 28 -33 127 47 -65 51 -116 201 49 36 40 -60 3 24 -27 242 23 63 -74 27 -87 221 -30 -38 57 1 -158 -21 -110 -44 11 51 -158 -96 70 -3 -47 -55 139 -27 -60 140 78 81 -80 10 74 -173 -77 123 8 -190 50 73 -85 0 -56 -92 -18 -32 -27 31 -23 -113 -63 100 -109 -55 -65 24 13 58 9 -56 -88 47 -81 -115 -1 -32 -121 120 -120 -160 -112 -101 82 -1 -42 -65 -10 -7 26 0 -108 9 -23 80 -48 6 -45 -52 -6 -94 7 0 -71 0 -16 8 -35 0 23 7 99 171 -32 70 -81 54 61 9 17 58 0 0 39 0 117 27 96 ]
[ -78 -131 -76 -5 -127 -33 77 9 -26 -73 -4 -40 76 -63 -239 26 108 -9 -96 -60 61 -65 -94 -53 -16 46 -27 -118 37 -114 43 -59 114 80 99 -97 6 38 234 4 30 -150 155 -32 110 -11 80 13 10 106 42 99 84 47 -44 133 93 25 -46 7 -101 106 42 29 0 58 -74 13 0 -35 77 20 30 -40 49 -21 -35 -60 0 17 -56 75 -52 -10 32 -117 62 10 -6 -140 19 -136 -48 -99 139 133 -45 18 -206 -12 -7 -40 0 -82 -136 -75 -76 -27 -38 0 -78 2 53 -67 0 0 0 107 21 -35 0 -16 -21 220 106 -45 82 67 -91 -39 10 15 -59 0 0 -145 0 -18 4 125 ]
[ 19 37 -30 21 112 -101 -166 47 -195 4 -118 39 -41 -102 117 -219 -121 -44 52 -20 120 -60 151 -97 -45 -50 -102 40 -62 -10 38 26 19 220 -4 41 -91 -69 51 -121 -66 123 66 108 -111 -21 76 204 16 33 -10 14 88 -26 93 57 -75 44 79 -59 -2 7 -51 109 0 23 -71 -8 -11 23 34 92 -42 112 -59 -38 31 2 11 49 31 64 49 -30 11 -23 30 8 -28 -29 7 -87 -169 -35 -46 -30 -78 -6 -141 14 -4 -92 0 21 150 20 -8 1 19 47 -38 -1 73 -115 0 -55 0 -9 -41 99 0 -35 21 42 -8 68 96 15 150 157 -23 3 79 0 0 -57 0 208 -13 94 ]
[ -20 -142 10 183 -95 -127 35 215 350 3 81 -55 -118 -63 133 129 98 37 -93 -27 -33 66 17 104 -106 116 -47 -185 66 -41 29 -21 -118 -72 39 -34 38 -88 -215 -89 -169 111 133 131 55 -66 187 -36 -55 137 31 32 7 -52 -42 30 -88 -61 -41 82 -94 -110 176 22 0 -124 7 13 -43 -76 15 -67 -175 30 -29 -71 -137 2 -28 75 40 -32 65 -116 58 96 -69 -10 -49 -164 136 17 -108 -63 -169 -50 94 -2 -132 -17 7 150 0 72 42 -32 100 25 14 -132 9 -4 -10 217 0 69 0 -87 -36 -49 0 -31 -27 -93 -98 -28 17 39 100 92 13 3 197 0 0 24 0 -8 24 -129 ]
[ 17 85 -29 -68 -26 135 67 -217 108 -45 39 -68 59 23 -74 127 31 -144 52 54 -241 -100 -59 234 -145 61 -89 -168 -77 -19 -130 100 19 58 -36 83 177 39 -36 -25 -70 216 -2 63 -49 -26 -144 -128 -136 -30 -13 42 5 27 -187 -45 158 -69 -96 -12 87 -47 125 -30 0 -75 167 -9 7 -82 -54 33 -21 -37 -24 119 -23 -22 1 -119 -50 5 55 92 -3 107 31 -11 0 -51 70 104 117 100 65 -3 -177 -11 -148 -10 3 -39 0 18 -34 149 43 24 7 -76 93 -16 101 55 0 -10 0 57 17 15 0 23 25 -148 -48 -7 15 -2 -8 -159 -15 7 -1 0 0 -20 0 -209 -31 -147 ]
[ -75 -98 -106 67 -60 -74 31 -12 85 -126 -130 -241 69 -172 -251 13 -235 -13 119 -248 -180 39 140 129 -192 67 -198 8 -2 12 -38 49 34 -55 253 -17 215 -2 95 77 34 86 8 85 123 -36 197 -21 -97 52 40 -79 78 91 85 38 1 101 -208 16 7 26 43 121 0 184 64 15 32 43 -32 -124 -28 -51 -49 -4 -110 38 -21 105 45 -40 -19 98 -17 63 68 6 -13 -101 77 41 100 127 -19 -21 -76 30 -116 10 2 25 0 -186 -65 7 -77 14 -34 -15 -10 -3 28 -13 0 -4 -2 -86 33 -92 0 -72 13 55 38 1 -130 64 83 6 37 -7 -16 0 0 -84 0 10 -17 -27 ]
[ 21 56 -186 -162 136 -137 -182 55 59 129 -233 -64 195 142 -103 17 -137 -42 116 -60 39 14 -17 108 107 -37 -93 -45 -115 -52 -44 -124 -4 163 -64 169 3 120 -95 39 -33 -20 -59 170 -132 106 -5 75 58 -29 18 -11 -34 84 16 42 29 77 20 -74 -2 23 -19 -74 0 50 101 -53 -19 -31 -31 -42 244 101 -43 28 15 -25 57 14 28 -15 26 -74 -90 -93 107 13 -44 14 -153 -61 -33 55 -3 -18 -41 -6 -15 32 -12 16 0 29 109 79 98 -19 -16 7 -7 26 32 -97 0 66 0 -73 4 38 0 20 1 -36 -91 -1 20 -41 -157 -154 -29 -22 -216 0 0 -16 0 151 63 60 ]
[ 82 135 38 -63 52 -44 -90 -169 -32 26 -88 -54 -83 135 109 -98 67 -24 -56 -99 106 65 -132 107 27 -52 84 81 -132 150 -57 -136 -10 -70 -97 119 -93 0 7 -109 53 -140 -120 99 -27 40 -140 57 32 -96 -14 -9 -89 -54 -32 -22 -108 -10 53 -58 -143 -103 -96 87 0 38 125 4 -9 -27 -34 46 55 60 -25 -154 -44 38 11 -69 -86 -110 18 -76 -70 -12 8 -1 16 97 7 31 -12 121 -91 -110 50 -5 59 -13 -7 119 0 53 46 97 41 -34 -29 60 1 12 -27 -8 0 -11 0 -145 -65 94 0 -3 9 -11 13 -23 57 23 -19 -37 -2 -16 80 0 0 159 0 62 30 -54 ]
[ -132 22 103 97 -69 15 -143 -105 60 21 64 -130 102 -42 -143 119 138 133 84 104 -93 129 -127 23 -141 49 -39 -54 -68 -16 -36 -5 -145 -43 77 70 2 -45 148 -120 15 12 240 -214 -40 -37 -75 -43 -57 18 -108 51 -88 195 -23 18 160 -15 -16 126 6 -30 -24 110 0 -56 118 -1 -11 2 -7 155 23 125 -32 46 5 8 -7 -105 -118 -50 -44 -21 30 -61 -31 3 -35 76 -288 112 -10 111 187 -7 -127 22 -6 28 -2 -95 0 48 -57 42 -37 -25 -23 -44 90 0 28 -93 0 32 0 -91 77 -32 0 89 -9 59 -28 45 -53 -58 -45 15 -12 -22 -178 0 0 65 0 95 112 36 ]
[ 7 83 79 -2 37 -9 18 65 61 111 -20 37 -10 -50 61 138 97 114 -96 119 -53 220 -101 -1 39 77 90 -159 17 11 -99 4 -39 28 -114 40 71 -12 -23 -17 -39 80 83 29 -131 -79 -165 88 43 137 -32 36 -127 6 -53 13 30 -113 -108 94 -30 40 67 -114 0 -113 -33 -6 -20 -41 18 87 -41 -30 -67 26 85 11 -7 -29 -173 -15 72 -90 49 -4 -71 6 40 -105 -58 -99 -76 -67 116 62 -138 -19 -34 -20 3 31 0 163 -12 -64 10 -17 20 -10 10 0 -12 -39 0 40 2 -54 33 17 0 54 -39 -66 -98 3 107 -109 -91 -75 -13 15 -54 0 0 115 0 40 -20 13 ]
[ 176 -44 80 103 -20 74 201 22 -32 56 127 -25 -269 -102 -2 16 232 79 -58 -120 57 -58 -120 20 -41 157 107 -35 -93 118 20 -62 0 154 67 -23 -84 -199 286 -217 -112 232 135 27 -78 -105 -18 167 60 85 49 133 49 -24 209 -3 -42 3 -16 178 -160 38 -17 -127 0 55 -22 3 31 -41 39 -26 -31 -40 46 -172 16 2 19 -74 -15 48 1 -51 40 -12 -70 8 -105 -102 -54 52 15 -143 -71 53 -89 -14 -126 13 8 1 0 -39 148 12 -85 -41 -2 -140 -121 -4 -56 5 0 -61 2 60 8 -87 0 78 -7 130 217 52 65 -32 80 33 -28 -3 5 0 0 -58 0 51 78 77 ]
[ 20 -156 113 72 152 -79 -6 -20 -76 100 51 -74 -122 -192 209 -58 52 157 -81 -70 45 38 -16 -75 99 -29 -19 -16 -37 56 78 18 -92 -39 38 -131 -157 -174 141 -57 106 -100 -72 -5 -155 -21 86 226 68 -68 -62 23 25 -101 189 142 -18 98 121 31 -108 -1 41 137 0 2 -71 -13 17 -21 25 23 -88 -42 25 -151 47 -101 19 5 -49 -79 29 -130 26 -112 -61 0 59 -108 -83 -31 -171 -147 126 -33 -151 1 7 23 -4 6 0 -2 22 -130 -8 -6 0 85 -15 -1 -25 -71 0 54 2 -126 13 -63 0 87 -24 162 45 18 2 -34 -13 245 -37 -10 18 0 0 27 0 238 -27 -5 ]
[ -24 -65 -67 -27 -100 -8 148 -36 60 -23 81 38 -30 -110 -42 144 -47 75 -148 48 -87 -16 -23 34 127 116 42 -122 -5 28 -117 9 162 -23 -81 7 -20 110 -151 117 80 7 -63 -52 89 -112 153 -61 -86 181 -29 164 -25 -69 -4 98 22 -167 -207 -59 -51 34 136 -77 0 9 -77 -31 1 -95 27 -55 -14 -229 -35 -23 -55 -49 24 108 55 56 33 -80 17 -4 98 -6 29 -96 88 -115 -138 -43 -5 80 -168 -16 -108 -8 4 96 0 -19 -139 -64 31 25 0 67 -42 -4 80 133 0 0 0 -4 25 16 0 51 -30 -50 10 -23 94 -26 73 1 -15 7 192 0 0 -109 0 -232 -70 -11 ]
[ -34 -39 61 -63 -41 -44 36 -4 -35 -53 -113 -42 82 -134 -82 -16 79 -89 -30 59 -65 -3 -66 37 -161 13 -161 -106 14 24 -72 47 -22 20 -11 -57 48 213 -25 41 51 -22 -23 -114 95 32 -73 -76 -188 206 -13 193 -9 -8 -209 -69 39 -88 -40 -55 -4 -174 11 -63 0 -90 61 20 54 82 -55 -4 -121 -117 -4 0 -25 -17 -24 -27 86 -34 -56 32 26 -18 19 -4 -69 -115 95 -9 97 -1 -27 25 11 -9 3 -11 -2 63 0 102 -50 13 -55 1 10 -21 -6 -23 -67 220 0 -21 0 1 49 -69 0 14 35 -42 -107 -12 -79 -1 51 -66 46 25 28 0 0 -21 0 -131 -79 -12 ]
[ 5 17 30 -95 181 84 90 3 -46 54 20 0 -58 -220 266 -93 -60 109 69 -3 -158 -75 120 -24 92 36 109 30 -104 -46 92 83 143 -60 39 -98 -141 -13 -119 78 -33 167 -77 112 -83 -45 24 213 121 -12 105 -223 65 -50 146 53 -113 70 -171 126 0 29 31 -165 0 40 -127 -12 9 -37 -23 -109 -102 45 63 -60 -37 -49 -21 78 43 1 57 10 23 83 -26 -9 24 22 -33 35 -181 -121 -178 -12 -138 -22 -7 -11 10 49 0 -59 62 -71 -27 -31 -7 -30 -76 -25 23 -111 0 -69 -2 -26 1 -13 0 18 -41 -94 88 6 16 -63 210 57 0 8 10 0 0 -74 0 -18 -12 6 ]
[ -88 -243 -49 -31 -53 -8 52 -27 -38 63 -92 -27 -147 -40 -18 99 -65 -88 40 -108 77 45 -75 33 81 -30 4 12 47 25 129 11 -54 151 42 -161 14 -21 103 -49 30 -68 -45 -65 -17 62 -114 -21 151 -19 40 63 51 32 18 131 194 80 21 -42 108 157 2 83 0 -61 -71 -30 -8 28 57 20 -20 -39 6 77 222 -66 31 -74 -97 -8 33 -31 -40 -99 43 -22 79 -207 77 -89 25 -142 143 21 19 -22 -175 -7 1 4 0 93 -148 -27 -125 8 -6 -11 3 -24 61 -82 0 103 2 112 33 22 0 9 -52 103 31 19 -53 69 -298 -41 -73 19 -38 0 0 -165 0 -58 -74 11 ]
[ -85 129 -20 -29 59 -141 129 -82 -7 61 -4 -136 12 -143 1 -214 43 -24 35 -90 39 43 156 -28 -63 22 -44 -153 -144 66 2 -9 194 80 -41 162 83 58 -3 77 -31 -36 21 0 28 -108 138 79 -246 5 87 84 -31 34 -112 5 -216 -66 -7 -104 -217 -87 -44 74 0 -59 106 26 -59 -38 27 3 59 47 -4 -24 -156 -46 23 14 -87 -5 -12 -74 -13 -98 41 -14 -84 -10 100 67 -61 127 -110 31 -135 7 -149 15 5 -16 0 -18 111 97 149 -71 -48 61 -27 6 62 -36 0 -10 -2 -41 11 92 0 -53 -4 36 -49 14 41 11 139 34 -1 -17 44 0 0 157 0 106 18 119 ]
[ 2 19 36 -108 103 -70 -138 -17 -11 30 81 -165 -71 -25 265 33 -70 -158 -47 -29 36 -6 16 56 -9 -24 -56 -3 -44 97 -55 -14 3 3 28 76 -69 22 64 -105 29 -69 -33 4 -59 -48 34 -80 47 -15 -102 36 30 -159 57 -32 82 69 73 -49 -59 -104 -89 96 0 59 5 4 -6 85 -20 -74 11 -3 44 4 64 -36 20 -98 -164 -26 17 73 55 22 15 -6 123 97 -14 6 69 -52 213 -13 7 -4 34 6 -14 18 0 158 52 -117 -132 -3 7 92 45 15 -84 -11 0 35 0 -18 13 67 0 7 35 117 -60 -14 -48 117 -105 12 4 14 -69 0 0 -20 0 4 -68 -12 ]
[ -105 -212 92 101 -81 -13 -23 106 32 29 -23 156 -298 -128 97 145 -43 163 -156 -64 -37 83 2 12 -1 -27 138 35 102 6 -10 53 -135 -77 18 -109 -201 -13 -137 16 27 -25 -67 -1 76 -127 60 152 119 19 -4 -107 4 90 94 1 -23 122 -159 76 12 69 -8 78 0 164 -206 -4 31 -44 -52 -48 -105 -39 -43 70 14 33 -16 88 24 48 32 4 25 -56 37 -2 22 -101 -167 -13 -64 -8 -33 -43 59 -5 -37 8 5 62 0 34 -16 -158 34 53 34 14 -119 -17 45 47 0 34 -2 33 22 -29 0 30 -8 -68 75 20 66 22 -45 49 29 -7 -119 0 0 -68 0 -113 -2 -25 ]
[ -114 -15 -38 -60 -34 -50 -85 97 116 24 -48 -36 -29 -173 16 -131 154 135 -52 39 -24 26 227 -96 -92 41 -43 -188 -1 -83 40 107 22 -115 -68 -15 -80 168 -144 108 -105 62 175 78 -3 31 -4 87 -95 -20 135 -69 107 85 -42 -41 -106 31 93 138 -29 -30 22 -56 0 -125 -12 28 -47 -57 8 23 -105 72 107 22 -115 -42 -21 -4 11 42 8 33 103 -65 -41 -2 -66 -70 2 8 67 23 -193 11 -38 5 -57 14 11 -46 0 -36 156 -77 88 -41 -6 -39 -49 -9 57 -64 0 -1 -2 81 10 -14 0 -3 -13 65 -19 8 -123 -1 4 -109 12 5 -326 0 0 28 0 178 148 87 ]
[ -256 -135 1 60 -80 -93 -112 -29 -59 -21 -147 105 152 -119 -48 -26 -93 -16 -10 167 -71 121 105 -86 9 -93 -56 -170 58 58 -19 61 -241 14 -101 -31 102 137 -93 30 165 86 -8 -124 66 -6 -41 65 -197 106 56 15 -114 71 -234 -67 -80 0 -115 -9 106 -46 -120 88 0 -147 77 6 -32 83 34 17 -83 73 -13 142 68 2 -13 31 98 -42 -48 -41 -33 81 -38 6 -62 -1 43 58 -80 68 -181 -37 44 8 -6 -4 5 -26 0 -24 -70 67 123 12 7 -53 44 -18 84 62 0 20 0 -14 14 75 0 -64 -36 -106 -104 40 -138 -15 -27 -19 -18 -2 -83 0 0 188 0 114 0 2 ]
[ -89 178 75 -72 38 83 5 -132 -47 91 -21 28 20 13 165 29 -182 -37 46 -3 -58 28 71 -4 128 -159 23 -17 32 124 59 41 -47 -198 6 -56 -4 49 54 66 171 -87 -188 -175 -19 20 -166 77 88 -179 93 -132 -94 24 37 -122 -104 -72 11 43 137 -36 -61 -74 0 3 -1 6 57 27 -4 43 -109 19 24 72 108 -17 3 -87 32 -42 -49 64 -41 -3 -40 -14 -24 216 67 50 112 -2 37 25 93 16 205 31 2 -4 0 28 -57 -1 -47 1 -32 57 -5 -32 -52 21 0 19 -2 -11 0 65 0 -88 -25 -46 -13 -7 -151 -10 -118 -46 -26 6 -70 0 0 38 0 -33 -34 45 ]
[ -68 0 -39 -38 -157 -54 2 -169 25 29 143 -150 17 -33 -74 116 86 45 -69 102 -78 -79 -14 22 -113 79 -54 -215 -96 -31 -113 -35 62 27 -139 216 -221 223 139 79 -88 104 -61 -224 121 5 -75 -113 -41 79 -47 155 -60 5 -80 9 39 -106 -94 -86 -74 -42 -32 -35 0 -73 56 -10 -22 -58 37 114 21 -14 33 27 -92 -11 11 -84 14 -22 7 -35 42 -48 7 12 78 82 36 38 -11 -47 21 60 -184 -4 -20 -5 -5 66 0 107 -58 12 27 -27 -17 25 25 19 70 52 0 10 0 65 12 76 0 102 -15 -43 -36 -19 -61 78 -90 10 -18 -5 -65 0 0 -24 0 -132 70 -20 ]
[ -87 116 24 -14 -71 19 15 1 45 77 277 114 46 122 53 1 139 71 -16 200 14 -101 -48 -21 -15 -18 17 -50 13 -81 138 -178 35 5 77 31 -143 -150 -21 -123 -18 -45 177 25 -3 39 55 47 107 18 174 50 4 65 -119 66 10 -106 97 53 -59 14 112 24 0 -91 28 6 -44 -93 79 79 -16 125 103 -49 -3 -134 8 11 127 37 -58 6 110 -118 14 -13 -83 9 174 85 -131 -73 -8 129 7 -16 -84 -20 8 26 0 -68 9 -23 136 -64 -31 -85 -5 -12 47 -56 0 -22 0 2 52 -36 0 73 -23 184 136 -61 -15 11 98 60 -37 24 -10 0 0 134 0 115 105 49 ]
[ -59 92 13 -81 -36 43 84 -421 -13 110 174 92 -12 191 -170 77 1 -208 9 127 -150 -50 -176 226 -90 85 -28 -86 -73 -46 103 -4 146 85 1 215 -163 -49 -38 64 57 10 -151 -11 8 -25 -143 -55 93 -151 37 -18 53 201 -173 36 47 -116 -51 -55 31 113 -50 14 0 -7 263 -14 -37 -49 50 118 45 44 43 76 37 -65 20 -88 110 -68 -39 63 17 -12 32 -5 4 -79 176 183 -99 5 -32 110 -89 -34 -29 -40 8 107 0 -64 -45 84 103 -44 -20 33 47 -11 128 -150 0 -48 2 -53 65 10 0 142 11 -113 140 -10 51 32 127 172 -16 21 36 0 0 164 0 -87 19 -15 ]
[ -15 -133 56 -55 -100 -122 99 -106 -85 -26 -63 -9 16 -109 -51 -323 52 -136 158 -128 86 -85 84 -34 -32 -136 -90 48 -11 -103 155 62 114 117 -55 -5 -85 -76 42 19 -23 -142 -151 -166 199 -53 17 -22 73 -218 -56 14 90 -20 -63 99 -80 18 75 -222 -49 -66 -112 121 0 -69 -22 5 -28 86 36 -36 27 100 -34 -14 -54 12 20 -45 17 -96 -107 26 4 -39 -2 0 7 -48 271 -20 -43 8 -60 -45 -45 -3 -18 31 1 -79 0 37 -39 70 86 -43 -34 130 49 22 36 -25 0 -23 -2 51 39 46 0 -31 20 -4 82 18 -108 116 19 215 -5 -10 229 0 0 1 0 -22 -46 71 ]
[ -130 -51 58 27 70 -146 69 24 2 67 38 -72 7 -1 155 -68 105 -65 189 -72 64 -25 103 -51 16 -140 20 -9 -141 -2 235 -11 -93 -105 -38 29 -251 36 26 35 -43 -176 7 -276 171 -58 -24 66 -37 -15 88 158 15 22 60 27 -118 84 156 -101 -125 -22 -192 62 0 -89 3 15 -44 26 6 19 -19 57 84 62 -49 31 25 -153 -99 -98 -91 -28 -65 -138 -142 -2 -16 52 -137 137 -101 -39 -143 -40 140 39 48 28 3 15 0 34 -14 37 -7 -13 -25 -80 57 14 -102 -49 0 15 0 22 -101 78 0 -137 18 27 -54 49 -57 35 -5 91 34 -28 127 0 0 -37 0 52 87 77 ]
[ -181 -36 -109 190 -54 -113 190 295 154 -27 -4 -96 -225 -69 -10 73 -148 15 63 -10 -8 297 16 138 11 53 -70 -87 85 138 -12 50 30 30 44 112 162 5 -104 139 -143 -11 99 -134 159 -187 117 -22 -6 23 -64 -25 39 88 6 -12 -16 -19 -121 -155 -3 57 93 -76 0 -9 -93 -2 7 31 0 32 3 -50 -52 188 -41 114 -27 -5 -166 19 -11 -9 4 -66 15 10 14 -32 54 -52 28 115 -51 0 10 12 -130 -14 -3 26 0 84 -25 -70 74 21 18 -14 55 1 19 38 0 55 2 84 5 45 0 -107 6 -138 -92 6 120 -42 1 -63 28 -2 124 0 0 -76 0 -175 17 -17 ]
[ 17 -94 -28 138 41 -133 -57 42 -19 -70 -20 -128 2 17 13 -11 -113 135 13 -88 110 179 97 -43 -138 21 -202 -66 47 99 -89 -159 -32 -7 -43 174 -159 98 102 -11 -120 -8 209 -64 17 100 -53 -86 1 252 12 90 -36 2 -15 -20 -17 -97 33 -31 25 -48 78 75 0 -36 -177 -5 9 34 12 220 -47 31 -33 -8 12 35 5 19 88 -34 -67 37 16 -73 -61 1 32 62 20 -115 31 -6 35 -17 26 14 -55 12 -4 -10 0 134 28 -55 -172 9 -4 58 7 -16 18 79 0 -64 4 -54 -50 21 0 21 6 -88 -106 17 -96 34 -27 5 -40 5 -42 0 0 -138 0 75 74 -2 ]
[ -156 52 30 -227 -66 -97 -12 -291 63 210 34 -2 -58 -107 185 106 66 -147 -61 -18 -20 111 -94 42 -20 -17 86 -132 -75 72 -138 97 70 -301 -89 18 -37 176 -151 189 111 -96 -81 -90 113 -52 -120 -71 -30 -18 -73 131 -69 124 -149 50 90 12 -197 -20 57 -79 -133 65 0 -96 188 -30 -5 51 -43 48 -24 13 24 139 84 31 15 -101 -73 -76 -30 67 4 22 15 8 88 89 2 68 -3 37 56 31 -15 -23 128 5 -3 79 0 96 -175 -88 -96 39 1 63 106 2 -38 -6 0 44 0 36 34 92 0 -42 -11 -23 -68 6 -82 46 -128 -157 19 9 -43 0 0 50 0 -156 -55 -42 ]
[ -6 -26 31 -82 37 -24 30 22 100 -18 168 -103 -50 -21 153 -15 -65 -62 -89 50 80 -28 10 42 42 -91 27 -134 36 -5 60 82 121 -77 -15 -1 -101 104 112 108 -60 -104 17 -29 44 -121 54 -51 46 -29 3 29 95 -1 5 63 108 19 47 -143 -91 37 -33 40 0 -38 8 8 5 -29 5 39 45 -17 79 119 38 -90 -7 -85 -158 4 -14 -11 3 -123 -21 -6 43 -16 -27 -21 26 -1 103 44 -80 -13 -83 -12 0 -34 0 15 53 -71 35 -15 6 50 66 -13 58 -69 0 21 0 103 -7 -6 0 -36 -10 61 23 -54 19 50 -60 -32 -13 28 41 0 0 -9 0 -67 -25 31 ]
[ -2 -32 13 55 -118 -5 -99 63 174 24 -167 13 -25 -9 -120 151 86 44 7 -22 91 23 -151 95 -65 -136 9 83 12 -45 -137 107 -235 -41 -11 -103 125 30 -6 -74 -47 73 -95 -129 63 -93 67 -25 -190 -23 -221 132 -48 -16 -56 -68 201 154 5 5 72 -127 27 57 0 2 38 40 16 43 -80 -81 128 -32 -177 188 -25 92 -27 10 -189 13 20 21 -68 -48 44 -11 -3 -68 -274 101 137 51 211 -76 77 50 96 11 13 -62 0 159 -65 11 10 87 24 -87 44 9 -76 35 0 148 0 90 81 7 0 -62 -8 -74 -169 41 5 -42 -179 -34 56 -21 -3 0 0 -40 0 -131 -120 -81 ]
[ 90 124 129 -178 -115 16 36 -283 -26 122 143 50 4 -180 162 -65 121 -1 -358 39 -22 59 -76 -27 -96 105 -1 -139 -31 169 -104 49 208 -293 -55 -18 2 39 21 65 91 36 104 132 -80 73 -105 -63 -18 65 -67 109 -23 -81 -156 -103 -73 -225 68 46 -105 -68 54 -2 0 7 171 9 11 -23 40 59 -7 -109 143 -181 -26 -50 1 -105 -18 -13 -28 36 78 95 -55 14 -1 25 24 30 54 -83 131 153 -111 -20 185 -25 -6 68 0 1 132 -80 -98 -61 -34 79 25 11 -80 -103 0 -67 0 -44 108 -73 0 175 -5 161 118 -22 -74 -38 49 -17 -39 16 -90 0 0 137 0 156 -31 22 ]
[ 25 7 106 67 19 124 63 -137 27 -60 -79 -49 -54 -140 -82 10 189 -4 -89 55 -121 148 -144 86 46 108 42 -168 -129 197 -58 160 16 -85 -118 -115 93 119 51 38 -39 13 12 -64 -44 -44 -150 -54 -215 29 -19 83 -77 103 -86 -69 48 7 -17 104 -81 -2 40 -54 0 -112 93 3 3 -11 -23 116 -90 -8 58 50 4 14 -7 -107 -134 18 12 -27 -13 78 -67 -7 -68 -25 -269 117 50 61 -83 25 4 -5 36 1 -1 32 0 -30 -15 17 -82 -6 10 -7 -30 -17 -60 -130 0 -23 -2 68 32 -77 0 52 -25 -63 -5 52 7 -112 -7 -173 26 -5 -170 0 0 44 0 -88 24 16 ]
[ 73 43 -44 -64 -45 131 54 -2 18 68 10 -97 39 35 12 -18 -64 -5 -104 79 -51 8 -117 112 -146 -3 -126 -219 -62 92 -25 -31 123 36 -106 134 24 140 18 72 -162 75 145 115 -123 94 -194 -10 47 37 135 16 -19 76 -228 -117 11 -53 40 -36 -25 6 129 -143 0 -117 155 -8 -6 -8 -24 37 42 0 147 -7 50 -109 16 -64 207 13 -40 97 -12 25 3 4 -78 30 133 73 90 9 -65 82 -14 -19 -92 -30 0 11 0 75 154 60 22 -39 -11 -31 -29 -5 28 -57 0 -44 0 83 -39 -88 0 112 12 -120 -108 -64 6 57 -4 -167 -51 33 -143 0 0 41 0 17 59 -45 ]
[ -182 131 -68 144 -64 -71 109 88 228 14 225 -115 -140 15 149 -42 -100 -128 -75 19 18 13 84 32 -73 -7 53 -165 -19 72 -3 61 128 -53 41 117 175 -12 -195 117 -91 13 81 64 60 -154 254 -114 -118 -72 -6 -52 6 -9 4 95 -97 -13 45 -213 -94 -29 81 93 0 -100 66 7 -73 -42 -12 -20 -86 102 42 59 -168 -80 -9 -42 -230 108 144 -67 72 -46 69 -3 -3 19 83 127 -103 126 -56 3 -40 -35 -67 -12 -4 -12 0 47 50 -109 137 0 68 -3 40 23 117 21 0 97 2 68 -8 70 0 -149 14 100 -19 -40 71 41 127 -5 24 5 128 0 0 92 0 1 18 -42 ]
[ -52 -74 173 135 76 -45 12 8 -24 42 45 -5 -45 75 144 -68 65 -147 -55 -104 95 -32 22 -25 -8 -67 43 -19 29 -7 218 12 -144 85 -51 -26 -7 -137 28 -110 64 -94 9 13 -54 45 -7 68 56 -168 118 -34 -13 -13 -50 -74 -203 -23 162 -86 -51 25 -241 216 0 -62 105 16 12 31 33 -47 -92 82 -3 -4 57 -15 14 -115 -1 -36 -37 -102 5 31 -50 9 -118 63 97 28 -33 -43 -65 -71 109 19 -78 30 -4 -43 0 59 66 153 59 -5 -17 -21 36 9 -40 24 0 52 -2 19 -70 84 0 -54 -10 88 -27 40 20 82 -10 109 -53 -11 116 0 0 161 0 172 0 118 ]
[ 206 99 -71 -194 -70 137 -45 3 -77 58 -90 139 124 164 -11 30 101 48 -94 32 -43 -169 -62 -19 57 -117 42 39 48 -213 -105 -5 -1 7 -141 -65 6 40 -4 63 64 -38 -295 83 -52 148 9 7 17 -79 -45 -16 -41 -68 -136 -154 98 -82 17 39 0 -73 80 10 0 35 -47 -6 51 -81 12 -3 182 -69 -48 18 -4 -7 27 128 196 14 18 17 -74 89 79 8 15 75 92 -72 149 -42 212 -11 62 13 111 7 2 -22 0 -124 -28 126 76 36 -18 59 -45 5 -25 176 0 14 0 90 0 -35 0 112 17 -26 -40 -9 94 22 -157 -50 -16 -6 16 0 0 50 0 -67 -46 -16 ]
[ -37 -33 -105 -159 214 -57 111 -27 -145 -25 -215 -42 -34 -98 -44 -178 -284 -216 107 -39 52 21 105 69 162 101 -135 19 76 32 198 117 186 248 181 -26 206 -49 -13 110 -26 -207 -220 117 -126 50 -16 4 68 -172 200 -180 107 -6 -39 92 -55 4 36 -42 52 101 46 -38 0 12 43 -29 -11 21 -1 -98 -5 -12 52 3 115 -68 8 46 16 4 66 -21 -26 -62 26 -2 103 -73 247 -178 42 -108 -69 51 47 -58 -92 -40 -5 40 0 6 31 14 7 6 23 130 6 -23 19 -222 0 -12 2 15 -28 -38 0 -19 -8 22 32 -39 4 -4 -17 -14 14 43 -12 0 0 -74 0 -35 -144 39 ]
[ -33 -91 -88 133 -91 32 86 133 69 -87 184 13 -83 194 113 81 -266 -15 -25 78 130 40 -125 74 83 -70 0 -81 93 153 86 24 -53 31 91 63 22 -65 156 -4 -3 -205 9 -244 106 -50 -36 -32 174 30 144 63 -27 -25 54 6 125 2 46 -74 11 -65 74 -106 0 -2 -45 6 -2 -5 56 -39 31 48 49 21 66 -17 3 -46 60 24 -33 49 -30 -61 -72 -7 28 107 -30 23 50 -36 -16 45 213 0 -2 -6 11 -44 0 -8 2 2 -24 -3 -21 -83 -67 -19 -133 1 0 -6 0 95 -73 -57 0 -44 15 48 103 4 41 31 -136 -102 -5 9 -7 0 0 25 0 -6 54 -7 ]
[ 15 140 108 -38 74 89 -92 73 99 -34 223 -38 -55 115 71 97 -73 -71 -109 142 -63 -24 -94 161 -178 188 -87 -63 -83 45 68 25 74 103 167 124 -9 -200 24 -108 -88 99 227 138 -140 -81 108 -5 59 -51 10 -67 55 103 46 -67 25 8 51 112 -87 -70 104 -10 0 59 126 30 2 -55 60 40 46 63 38 -42 39 -99 -13 -21 -43 77 19 -22 50 16 -32 -7 -24 -12 -99 169 -22 -54 89 74 -24 9 23 -13 -4 19 0 6 153 -33 -32 -40 -19 -48 12 -7 -36 -131 0 -30 5 -74 14 -125 0 109 -28 84 54 -11 63 -24 132 71 -20 10 -124 0 0 36 0 85 42 18 ]
[ -86 26 93 202 38 37 178 56 -96 -26 147 -103 -103 -66 43 -121 -46 12 -72 38 13 139 -16 -98 -32 29 61 -25 49 172 154 -25 132 -26 -25 -24 -6 -123 149 -32 36 -180 214 -97 33 24 -64 83 148 -9 148 -32 -2 130 94 -8 -67 -24 136 -10 -34 124 -3 -2 0 -105 -91 7 -12 -24 114 166 -122 19 87 -28 147 -95 2 -118 -62 29 -30 13 45 -21 -97 1 -46 48 62 24 9 -56 41 124 81 1 -18 -5 4 -64 0 -72 -31 -72 -47 -67 -34 48 -9 -20 -6 -218 0 -37 -1 77 -34 -32 0 -21 -28 232 65 8 5 6 44 28 -35 20 46 0 0 -22 0 100 102 124 ]
[ -186 -18 34 61 -29 -95 19 -66 2 58 -4 -144 -155 -97 127 -59 1 -15 -81 -32 24 287 -212 108 -36 -40 7 -28 25 299 -37 0 -73 -160 57 28 88 -104 79 -58 229 -263 -24 -236 16 -40 12 -23 22 -88 -98 -50 -99 98 -54 15 -64 68 -3 -62 -27 -167 -70 83 0 -41 47 31 29 88 -2 45 -57 101 22 16 60 -3 -15 -72 -85 -60 -93 26 3 -17 -51 0 32 100 18 62 49 28 160 -30 124 19 194 8 -4 -12 0 57 -122 -146 -72 12 -5 79 55 7 -131 -42 0 27 -5 -16 37 -27 0 -32 15 90 -33 16 -69 23 -110 -9 46 -12 -13 0 0 128 0 22 15 18 ]
[ -106 -49 3 -14 -151 -22 -28 -1 37 -13 -63 103 -124 -29 28 -97 24 -105 -86 -95 -25 199 -107 19 -115 -80 43 -25 18 42 -67 -53 -22 -79 -62 1 25 -126 -143 -18 119 23 86 80 139 -101 19 13 51 -36 -135 -125 25 -4 -62 -55 -1 76 -51 -16 17 -7 -99 124 0 36 42 25 -22 198 39 -88 -26 5 -60 15 55 91 -4 51 -76 -54 -103 108 63 159 20 6 38 -93 196 66 17 85 -57 -28 79 9 143 -3 -6 13 0 18 -53 -191 -93 -13 -1 70 61 17 -34 -53 0 22 -2 31 52 25 0 -105 1 1 -6 0 -93 99 -16 -3 -1 10 18 0 0 122 0 2 -47 -13 ]
[ -137 41 -35 -134 74 -1 -133 25 44 48 -135 149 31 237 -71 32 -199 -180 143 123 104 65 35 75 -45 -109 -61 121 132 -28 96 70 -47 75 6 143 2 136 -256 139 -54 -212 -155 -155 125 -44 -97 -70 66 -110 1 -79 17 228 -194 -129 123 -28 -9 -80 201 42 -26 -64 -2 37 160 2 15 11 -73 23 121 50 -43 347 90 45 -23 -103 -36 -32 -44 112 -85 -150 38 -10 -16 62 -112 -43 108 163 31 10 186 17 45 -10 3 -35 0 134 34 98 86 20 -19 44 66 -17 -19 -77 0 37 -2 59 -16 88 0 -98 5 -96 -125 5 73 -21 -156 -239 30 -5 -162 0 -1 35 0 -103 -32 16 ]
[ 131 -32 -53 -79 108 -122 -34 -109 -126 -6 -160 23 80 -75 -54 -194 6 -31 122 -93 163 -24 -6 -67 -33 -95 -208 9 -32 -30 -64 -112 56 36 -58 41 -123 -26 90 41 -60 -44 -26 -42 -53 83 5 55 -28 19 -177 130 50 29 -15 176 50 -49 118 -171 39 -8 58 81 0 -62 -27 -30 28 21 -44 231 46 17 -83 -36 -8 4 9 76 75 -64 -19 -78 -101 -142 -33 12 23 -121 14 -105 -80 -31 80 -66 -86 -20 49 14 -5 -29 0 99 11 -10 22 40 32 159 38 -5 105 3 0 -29 2 -115 -40 27 0 34 31 -140 -107 8 29 -41 30 126 4 -15 190 0 0 -108 0 6 -43 -32 ]
[ 12 152 169 53 76 15 41 149 -92 -102 -78 -46 -34 21 216 -56 57 6 -53 15 -58 49 -64 84 -132 -67 0 63 -82 20 98 31 -33 -18 9 10 -50 -132 30 -148 -1 -346 -51 -208 22 -4 -58 86 106 -235 -52 -57 32 -6 -114 -111 -240 -60 151 -72 -139 -161 -46 21 2 -20 -92 20 11 -115 -14 109 -3 -64 -61 -83 -17 6 -12 -89 -119 -49 -12 -80 -5 -56 -61 -1 -61 117 -85 -18 28 6 158 -85 93 43 123 34 1 -43 0 76 -7 70 158 -2 -44 127 -30 11 -82 36 0 3 -5 -53 -50 62 0 15 21 79 14 4 176 -59 -22 27 65 -37 175 1 0 99 0 -62 94 78 ]
[ 110 23 134 199 32 86 -47 50 17 -133 5 130 -36 295 -18 187 102 -69 -180 105 10 62 -210 68 -185 122 21 44 20 11 -147 -26 -88 69 -131 82 -80 -26 -150 -78 -16 -235 -75 -80 37 35 -157 -218 10 3 -190 115 -111 62 -158 57 -14 -112 71 -105 82 -37 53 -29 -2 -103 -45 18 15 -54 25 125 -167 -65 -151 41 0 9 -39 -31 -45 72 17 -14 18 53 -39 -4 30 -40 -145 -61 -38 -18 155 -45 52 9 212 -5 -13 -32 0 200 -71 -57 -89 46 18 105 -31 -6 -93 84 0 -28 3 -25 -110 46 0 28 47 -25 -143 -32 177 65 -71 -76 75 3 68 -1 0 -59 0 -160 -3 -50 ]
[ -54 187 12 -28 83 -59 38 -7 37 55 36 -66 164 -3 48 20 71 -91 228 96 56 83 -124 66 63 -89 -28 -85 -133 -35 79 -52 5 13 62 85 28 -80 116 -94 -91 41 222 -163 20 -134 16 19 -27 7 -132 104 -8 9 -50 3 75 -58 64 -71 -57 -50 -69 -26 0 -61 146 23 -3 55 -34 89 175 61 16 95 28 13 8 -99 -231 -45 -105 -65 -45 -50 -55 1 -63 106 -195 78 -57 -69 152 35 -8 16 60 -6 -6 -65 0 154 -18 91 36 -3 15 -45 188 17 -18 -147 0 62 4 -58 34 73 0 -13 11 -117 -112 -6 40 -101 76 52 26 -3 208 0 0 -3 0 -28 -8 66 ]
[ -9 161 -13 -63 31 27 138 -86 -22 112 128 -4 54 72 21 -23 7 93 202 144 -27 45 -114 47 61 -86 -104 49 30 9 74 -54 42 -33 55 37 -15 -247 82 50 10 -63 -88 -193 28 75 -14 34 104 -100 -11 74 -14 73 -69 59 140 -55 124 -65 43 -25 113 -27 2 -85 109 -5 40 6 15 101 158 -6 28 32 79 19 -12 -9 59 -48 -113 30 8 -109 -42 9 30 102 83 65 -13 -97 212 71 -42 -26 198 -19 10 -32 0 16 -74 -13 94 13 -7 5 129 -6 -71 -138 0 -2 -6 0 117 -72 0 67 -12 17 86 -17 -55 -163 -2 86 -7 7 67 1 0 34 0 -73 -32 -17 ]
[ -14 -98 -31 -12 -233 81 152 -25 58 -44 90 21 -44 31 -33 160 25 120 -21 22 45 52 -138 53 211 -12 13 -24 74 44 10 83 -79 -125 105 -200 184 -61 86 3 170 -5 -86 -187 59 25 50 -64 -91 49 31 124 -54 -116 11 41 151 17 -1 48 14 -44 90 -33 1 23 -10 -15 45 3 -32 -81 78 -198 19 -45 68 40 13 75 74 28 -55 -20 3 -25 30 -5 16 -5 66 2 99 -108 92 0 29 -20 6 -2 7 8 0 -82 -186 19 -37 63 14 -52 0 1 -76 159 0 47 0 90 106 -82 0 30 -24 20 150 -7 -81 -99 -172 -25 -25 -2 42 1 2 -73 0 -154 -53 -76 ]
[ -110 -42 -18 1 2 -15 -60 19 -7 -42 3 -69 -101 -163 94 -108 -83 1 -83 8 44 189 64 -74 -51 93 -44 -60 39 156 -25 -12 33 -87 71 -16 29 19 -109 -48 110 -21 270 66 -4 -16 28 7 -59 62 -60 -74 55 26 28 1 -15 3 30 48 86 -22 -15 48 2 -81 -22 23 -7 120 22 18 -88 -23 51 -23 49 2 -34 -17 -53 -18 -65 18 30 52 -32 6 20 0 40 -49 34 42 1 -16 13 -13 44 -19 6 -33 0 43 25 -142 -110 -21 -4 52 80 -24 13 -86 0 -34 4 -100 8 13 0 -41 -32 108 -45 -8 -128 1 69 -43 -9 22 -80 0 1 -46 0 89 -9 23 ]
[ 118 111 50 -79 -109 153 131 -220 -99 -54 197 115 -131 78 -129 57 42 -86 -107 173 11 -198 -107 25 141 40 208 0 24 -29 -69 86 187 -15 -118 10 -42 44 30 83 -2 76 -88 21 58 -139 -58 -123 -15 -60 -33 62 20 -26 157 27 143 -83 -80 20 13 59 28 -89 2 48 56 -20 21 -70 -11 13 23 -65 41 40 -2 -34 21 -51 -55 115 39 66 22 -33 82 -2 34 40 74 41 82 34 -15 112 -100 -35 -70 -13 7 11 0 -61 -17 -7 -28 -11 33 40 -35 -6 104 -7 0 -39 0 111 41 69 0 2 13 32 139 -27 52 11 11 -65 -35 40 -34 0 1 -107 0 -299 -66 30 ]
[ 55 -102 -101 14 93 66 75 -64 -80 -10 57 -90 106 7 -85 18 75 -36 111 39 -35 -89 -61 -45 -101 149 -9 -13 -122 -71 23 -132 136 141 102 73 -8 53 114 -58 -183 148 264 66 -56 67 -57 -152 -40 188 88 -61 9 -22 -46 -19 3 92 -158 167 -61 8 -26 -148 2 9 0 -34 -49 43 5 13 78 89 156 -51 -9 -39 35 47 99 -24 -35 72 -5 134 -17 0 37 94 21 66 -62 -84 -143 47 35 -26 -136 -21 -4 45 0 -89 -4 21 -126 -36 0 -97 -15 12 39 -2 0 -109 -1 -10 -42 -71 0 73 15 -97 10 -1 -26 45 143 -12 -1 -5 -30 1 -2 -86 0 -51 73 -63 ]
[ 115 -67 -62 40 -101 106 37 -63 12 -69 -146 -103 92 50 -262 61 93 -69 0 -154 -96 -31 -226 35 -158 -79 17 0 18 -39 -106 -153 19 52 -121 27 48 41 169 -81 -97 0 50 67 128 111 -227 -68 31 109 8 48 -32 -52 -78 -43 166 47 -78 -48 -2 91 13 16 -2 30 6 -3 18 2 -12 -38 27 -59 -43 -24 2 99 8 -89 -41 -46 -19 84 -46 114 22 8 31 -78 64 -6 148 45 29 -9 42 15 -151 6 4 4 0 25 -106 56 -137 7 -35 -111 -3 18 -15 -42 0 4 -2 87 -59 -16 0 -27 31 1 -59 -14 57 117 -130 -183 -4 -16 60 -1 0 -117 0 -174 -45 -61 ]
[ 38 56 46 82 141 -75 14 183 162 -47 -82 -309 -46 -104 110 -56 116 -52 116 -219 -106 -18 196 90 -106 52 -111 -57 -122 -91 104 10 3 80 28 -36 -3 0 16 -100 -290 110 78 84 66 -80 94 46 -73 32 115 -28 99 -70 95 -144 -70 87 36 115 -192 -9 -7 -35 -1 3 6 27 -18 -9 -21 -43 -115 6 14 -19 -143 81 -29 -112 -160 -39 30 28 57 98 -62 20 -43 20 15 24 37 10 -82 -35 5 37 -180 -5 -16 -3 0 -14 91 49 -80 -29 -23 -89 39 2 -120 -15 0 7 1 53 -88 7 0 -170 14 52 -118 37 54 29 108 -34 41 -13 80 -1 -2 -96 0 38 74 59 ]
[ -131 -14 3 122 -79 -79 -121 -84 66 3 -73 -3 85 -88 -69 -15 -182 33 -89 8 -36 186 13 -57 13 16 -59 -190 23 181 -63 42 -35 -46 51 -15 221 213 -13 54 51 126 227 54 -68 -13 3 -57 -199 73 20 -48 -133 134 -96 -19 -44 -69 -133 82 118 -1 -41 80 0 -76 191 3 5 72 -11 -4 -90 104 40 12 7 1 -8 -8 84 -28 -3 -34 -17 80 20 4 -123 -2 7 16 -6 164 -154 15 -4 23 16 9 2 -27 0 -63 37 45 -46 -18 -18 -35 58 -10 36 -49 0 29 -2 -104 -4 -40 0 -13 -28 -58 -163 21 -155 -8 84 -86 -62 7 -160 0 2 183 0 259 15 12 ]
[ -1 -25 52 -74 -34 44 93 -111 -98 58 -154 152 -99 -104 -72 -86 10 -73 174 -56 -53 193 -12 32 87 -30 -30 122 140 87 9 -83 -14 19 -4 -104 81 -240 -44 -95 163 46 -90 31 -1 48 -194 -9 48 -77 -137 -101 1 47 3 35 78 -13 44 -20 156 140 19 44 0 29 -82 -21 41 148 -6 68 -18 -45 -41 93 175 58 7 14 23 -24 -91 74 -35 91 -21 -22 40 -61 125 -27 110 -21 126 -9 6 -65 90 -16 12 -46 0 27 -64 -16 -70 18 26 78 74 -39 45 -22 0 -39 -3 -53 115 3 0 46 -15 -97 82 36 -152 -14 -98 86 -55 3 42 0 0 -135 0 -99 -132 -53 ]
[ -19 -111 -75 143 -73 142 -10 -4 -5 6 -61 -63 -82 -46 -130 94 -18 98 -134 -8 -1 255 9 -1 185 120 50 -67 74 227 -95 65 -60 -46 -31 -90 241 130 53 66 84 66 66 109 -65 52 -139 -155 -107 169 28 -32 -109 -19 9 -104 59 -45 -30 138 -10 74 13 -30 2 18 8 5 10 69 33 -28 2 -83 120 18 76 0 4 0 -16 64 -18 79 26 155 50 -16 -19 65 -58 -48 143 52 -15 42 20 -18 -68 -23 6 -9 0 -73 1 5 -154 -31 -19 -26 -58 -28 -6 27 0 -23 -2 42 61 -94 0 61 -32 -40 51 9 -83 -23 -104 -135 -57 15 -284 -1 -3 1 0 88 -5 -9 ]
[ 114 76 23 -68 205 40 -83 26 66 -46 -37 -152 56 -84 104 -41 119 -25 30 -91 64 -27 140 -66 82 21 16 -88 -168 -1 -12 -64 50 -104 -167 28 -144 198 114 66 -190 3 75 122 -70 38 -141 -9 28 139 43 44 65 -98 -4 -22 4 42 140 59 -189 39 -105 16 1 -2 -59 -22 -38 81 1 18 65 -17 105 -21 -32 -50 16 -3 -111 -35 25 7 13 76 -92 -2 59 49 -134 22 -9 16 -125 -38 -48 -15 -36 -2 5 48 0 67 102 -39 -123 -16 4 36 -83 5 5 -72 0 -66 -1 42 -99 32 0 -38 -18 -97 -15 -24 62 72 -43 65 -3 11 -49 -1 -1 -72 0 25 61 3 ]
[ 135 43 -6 144 -43 215 75 -58 25 -74 264 43 -96 159 -78 130 7 43 -235 90 -27 -99 -95 39 -70 126 179 -16 70 96 -169 14 26 -72 -65 109 -67 3 13 -13 140 93 14 49 -81 -27 -26 -92 -38 100 73 -11 -40 -51 89 -113 -21 12 -34 141 2 -28 -26 -169 3 111 2 49 43 -23 12 -169 -29 -55 34 -30 -68 -37 -25 46 153 146 -7 134 69 134 37 -4 -80 126 -121 128 134 13 -56 50 37 -1 94 -1 -1 -53 0 -100 122 -53 -79 -34 -19 -57 -196 -21 -79 93 0 -123 1 55 -7 -75 0 24 28 10 95 -27 2 56 69 -83 -2 16 -216 0 -1 15 0 -56 46 34 ]
[ -96 -58 -20 113 44 -76 59 16 -52 114 129 49 78 41 33 20 20 88 20 131 3 36 105 -76 -1 7 -30 -78 65 -25 14 23 -35 -69 -20 119 -81 107 -42 93 56 -72 28 -160 -11 1 12 -16 -27 70 114 -9 -98 40 -56 -76 -202 -147 -64 65 -25 -61 -56 -74 1 -31 -61 3 -32 -48 41 64 -68 100 74 41 -60 -25 43 22 174 -13 -46 45 24 -10 -49 -12 -24 166 32 -13 -71 -37 -91 34 79 17 -33 11 1 20 0 -33 42 85 89 -3 4 7 -23 12 16 210 0 -56 -1 -19 -30 5 0 51 67 -166 -49 13 0 43 77 122 14 1 21 1 0 110 0 103 93 15 ]
[ -91 -117 89 31 -25 78 -96 -156 83 -83 33 64 -154 21 -92 113 -43 40 -151 -22 0 130 29 -24 -39 104 45 -17 15 170 -71 111 -3 -146 -69 -9 -85 213 -67 93 54 67 88 -72 73 -87 -151 -48 -31 58 29 -63 -95 104 37 -44 -1 69 -165 97 119 95 -92 -58 1 16 1 37 -1 50 7 33 -118 -12 -7 145 58 91 -54 -55 -87 -4 -33 123 17 32 -27 -3 54 -29 -88 38 66 77 -145 -19 -4 37 101 -32 11 55 0 28 -47 -110 -135 -18 -17 43 -42 -19 10 -104 0 -13 0 1 -27 22 0 -54 -50 -72 -15 19 -96 11 -60 -153 22 11 -269 1 2 12 0 -44 6 -41 ]
[ -44 -187 -15 58 -55 -52 -86 134 217 -95 55 43 -13 66 44 103 -111 46 116 -95 10 -197 122 30 33 -46 0 10 -1 -88 106 4 -210 31 114 -65 -107 11 -106 -20 -94 180 31 32 62 -95 118 81 -73 5 83 41 51 -57 159 91 -80 122 -98 -8 84 -12 28 4 -3 19 -57 0 18 -19 -44 -182 -125 65 -73 -5 -97 62 -30 12 87 50 16 -62 -46 -115 -7 -3 -44 -130 -75 16 -140 21 -278 -118 20 14 -89 17 -3 55 0 16 18 29 15 54 31 -235 -17 -6 1 131 0 59 -5 -20 -82 16 0 -143 3 -39 -20 -5 -71 32 70 -20 10 -12 40 0 3 -76 0 11 17 -86 ]
[ 49 -73 -43 -1 142 50 -130 -105 -83 -115 -116 -110 169 -24 -76 78 -36 51 39 46 137 34 -166 -10 12 102 -181 33 -142 56 -152 -41 -70 9 128 -34 63 18 297 -82 47 -51 88 -146 -32 25 -12 -13 -61 182 -147 109 -52 -26 39 38 195 57 -71 150 40 -131 -12 -89 0 57 94 24 39 96 -18 23 24 -36 -2 -74 8 -22 -34 10 -112 -70 -34 31 -47 8 -51 -1 59 76 -341 7 7 -85 128 -13 7 25 150 -19 -10 -6 0 46 -85 -19 -221 -7 -28 20 -19 -22 -128 -27 0 -17 3 -150 -21 -54 0 61 -2 10 -94 -19 -41 -56 15 -36 57 11 -188 0 -2 -67 0 35 -36 -44 ]
[ 166 -153 -34 193 116 42 10 60 49 -145 114 -135 -21 -23 -66 132 -41 17 -18 -9 -98 -107 16 75 -18 121 25 16 -112 -27 -149 24 -44 129 34 10 46 -33 36 -103 -85 197 12 113 -108 -111 194 -50 -81 156 -67 5 -26 -100 220 83 -38 129 -161 70 -34 -95 17 -76 0 1 -82 -6 -23 -43 -19 -130 -56 32 -54 -95 -82 -63 3 109 29 17 92 0 5 139 26 -10 31 -77 -56 86 -61 2 -112 -88 -123 -3 -113 6 5 44 0 -55 27 -15 17 0 30 -41 -99 3 65 163 0 -22 0 -135 -36 -69 0 9 42 -132 -55 -6 37 23 196 120 43 -7 72 0 0 -24 0 -105 12 -113 ]
[ 180 170 37 83 204 53 -60 60 -17 -44 196 -65 151 176 -134 67 97 159 173 -35 43 -57 218 -109 87 63 48 99 -50 -30 -47 -159 -96 -134 -143 139 -99 -135 74 38 80 7 36 58 -141 44 -8 40 68 96 42 122 -104 -70 299 63 47 3 195 79 -77 96 -3 -53 -2 34 -24 20 -6 -39 6 -29 74 14 -62 -74 -33 -11 -18 17 -56 19 0 -19 0 -112 -25 2 -12 116 -299 46 -2 97 2 -59 -173 6 62 -2 3 -72 0 21 126 79 -3 -36 -8 -18 -79 -1 -11 -5 0 -2 3 -156 -67 34 0 -56 5 51 2 -33 27 -35 -17 0 -29 5 -176 0 -1 32 0 214 108 35 ]
[ 9 -74 95 91 143 6 18 38 46 30 153 -225 -162 -162 163 32 -24 109 20 -121 14 -50 182 43 -69 101 -56 -2 -98 87 37 91 4 -139 179 45 -78 -48 129 0 -86 105 159 4 -110 -189 169 20 36 -43 60 -57 26 19 252 -54 -165 9 -61 155 -123 -18 -61 18 3 128 47 22 25 -34 -46 -37 -96 32 104 -60 -118 -31 -22 -67 -76 -56 -17 38 11 -64 -67 6 -1 121 -119 71 -1 56 -47 -48 -130 20 -93 0 -1 52 0 11 164 9 -4 -9 -3 -5 4 9 14 96 0 -24 -3 -128 -70 -49 0 15 42 -44 14 -23 4 49 189 117 24 0 -18 0 -3 -22 0 83 49 -30 ]
[ 15 15 149 -26 -170 31 -62 -196 -22 43 74 99 15 173 3 58 159 20 77 -87 -38 -146 -217 29 -55 -152 76 158 30 -108 94 -251 -105 -95 44 -65 -196 -220 87 -219 44 -60 88 -1 115 87 -130 -86 138 -170 34 -24 -30 30 33 -15 55 -3 29 117 -18 -6 -74 194 3 113 67 -16 19 31 -38 21 9 100 72 -89 -11 43 39 -101 127 -56 -94 77 -8 9 5 10 -50 106 93 155 -11 43 68 -21 158 1 65 42 -12 0 0 -66 -96 31 -104 3 -15 -92 46 16 -59 71 0 -26 0 -53 7 -14 0 18 53 118 139 6 -82 105 -44 93 -61 -18 16 0 1 -5 0 0 37 -5 ]
[ 71 -79 142 -13 -4 -26 142 27 -47 24 70 102 -100 37 161 -47 161 60 -140 -72 27 82 76 -120 104 27 94 15 98 62 101 -42 20 -113 -127 -100 -133 33 -87 39 141 -247 -72 -97 15 88 -91 -27 41 -9 66 50 -79 -14 -64 18 -125 -131 113 3 -74 66 22 -11 -4 -92 -172 -1 1 -38 38 63 -103 -121 84 -43 58 -57 35 -23 85 -21 -28 -29 14 -7 -70 -13 -5 5 118 -126 -12 -84 30 7 73 7 59 2 -1 6 0 -28 -21 -25 -28 -25 -13 137 -48 -13 -48 126 0 -33 12 -11 -53 0 0 39 -5 78 -4 2 -34 47 -123 30 -34 5 36 0 -1 15 -1 39 53 59 ]
[ 30 -80 -24 89 -29 40 120 47 -16 94 -29 39 -92 122 -46 26 88 -74 -122 -46 15 69 -30 95 -144 42 68 -55 44 -13 -37 -60 -29 113 -164 178 48 -51 -91 61 -30 41 -189 133 -34 20 -86 -56 54 -15 -28 -66 -30 -59 -179 -87 -153 -63 -27 -124 -72 56 -76 51 -1 -14 -8 -29 -18 10 67 -21 41 -24 -71 69 3 19 22 -7 -16 -17 19 -40 20 125 32 3 19 -66 220 -7 -1 17 -74 -35 -20 -28 -106 4 -2 62 0 86 45 63 40 -11 -13 19 -18 22 87 164 0 -7 0 108 -18 75 0 16 7 -149 -20 -7 114 121 -71 47 -48 -11 109 -1 0 73 0 -87 -19 -44 ]
[ 125 -21 28 -41 131 -39 -50 133 34 -7 36 70 -104 24 235 28 -59 -60 133 25 115 -94 -143 42 62 -63 3 165 -50 -87 74 -56 -55 210 163 -78 -165 -210 99 -186 -123 78 -61 -4 -46 -47 80 167 159 -6 -132 -32 139 -215 165 55 94 88 -12 36 7 -118 20 18 5 102 -131 -29 45 44 0 -80 55 12 -103 -115 99 20 7 52 -67 -29 64 -77 25 -14 -14 4 66 -54 -77 -35 -116 -253 59 -44 104 -19 75 -4 4 76 0 101 -18 -41 -61 52 44 -55 36 7 -86 21 0 41 -6 -57 20 -32 0 44 4 -4 55 25 61 -62 69 234 14 8 292 1 -5 -83 0 -47 -85 -51 ]
[ 19 -77 -151 -42 -40 -103 -145 152 88 0 -210 176 174 60 -63 152 -122 145 110 47 47 91 -196 -12 200 -35 -33 7 60 -32 -127 -149 -57 6 -15 -42 4 109 -87 3 -43 78 142 28 9 15 -21 -96 -11 155 -80 61 -124 -63 53 63 54 -72 -201 52 70 38 39 -156 0 58 -14 -34 6 55 -77 -91 47 4 -36 -4 -32 105 11 135 124 -2 2 -106 -98 4 21 12 -7 11 -165 -151 -154 -12 -127 -39 111 -5 121 7 -6 80 0 56 -48 -12 -56 61 57 -108 28 28 -88 92 -1 53 -3 -136 -51 -15 -1 13 26 -260 -161 -14 48 -75 2 -122 11 -7 42 0 2 -43 -1 2 -72 -57 ]
[ 80 -78 102 135 46 121 78 67 -102 -103 51 121 -139 55 -38 45 18 -187 -167 -31 -53 7 12 8 -73 228 -31 -5 91 106 115 17 18 -13 -17 -65 35 -136 -134 -37 53 -21 85 213 -63 49 -111 -101 94 66 73 -32 42 -37 89 38 -55 -14 151 50 45 163 90 -107 1 -45 -13 1 13 29 6 -50 -282 -75 68 -73 84 -10 -29 -52 96 110 20 51 73 102 -45 -1 -57 -148 94 -40 -28 -121 -146 52 106 -31 25 -27 -6 50 1 49 65 -108 -203 -22 24 14 -109 -16 -62 -40 0 -67 5 -5 -79 -48 0 -46 -5 102 37 -33 6 69 87 -48 -3 45 -101 -1 -1 -138 2 51 -35 -1 ]
[ -192 8 80 -179 -21 -11 60 -119 -101 39 -338 195 70 -54 -44 -54 99 6 29 96 -161 267 -70 -15 151 32 13 -50 51 38 -2 2 42 41 -84 -144 138 160 -295 32 223 -199 -89 -19 54 46 -259 -22 -174 -29 11 -37 -110 69 -315 -11 -7 -102 -25 -2 55 36 26 -69 1 -87 -19 -26 -27 69 -14 63 -19 -156 20 108 106 -2 29 22 -64 -51 -50 -11 -31 70 23 -21 25 -44 106 -163 -28 6 51 27 41 -35 91 -14 -8 15 0 16 -142 -12 9 -12 -10 138 65 -31 26 -44 0 -43 -2 -54 89 42 1 67 -26 -71 -30 5 -40 -113 -136 -171 14 10 -94 1 3 -34 1 -121 -87 16 ]
[ 24 -49 -119 28 69 -109 -77 -9 32 23 -65 -113 68 68 -126 -25 63 46 168 -220 -21 -29 110 108 -2 9 -134 20 -30 -47 116 -11 -146 4 143 -24 34 -157 135 -57 58 111 7 198 -91 75 61 67 -10 -78 135 -6 83 -12 169 67 8 157 107 62 -9 121 -11 115 1 61 96 35 18 -1 35 -87 32 92 7 4 -14 94 -17 -53 -7 -29 -69 68 12 -76 3 2 -72 -111 5 71 -5 -2 16 -43 -33 53 -75 21 7 -26 0 -166 35 25 -62 -19 -33 -146 61 8 -69 -149 -2 32 -1 -38 3 -41 0 -73 17 129 32 48 -116 18 -50 -6 -4 -2 -222 0 0 24 0 293 42 34 ]
[ 157 116 -33 -16 173 -36 28 64 -18 -14 34 -87 -31 -131 189 -176 -42 28 103 -3 157 -61 73 -32 211 -12 -67 27 -96 126 98 -17 91 129 13 -22 -90 -51 175 -49 -125 -84 -88 -97 -59 23 48 131 32 25 11 134 51 -164 117 98 -30 -49 183 -90 -158 -101 52 -45 0 -49 -55 -17 29 -24 -15 -14 69 -12 42 -145 -23 -47 12 -8 22 0 48 -149 -5 -114 -22 6 -50 93 -67 -100 -99 -98 -55 -2 -53 -34 10 2 9 -18 1 64 99 62 77 -12 6 56 -39 -10 -73 -68 2 -20 -2 -46 -11 -22 0 20 -33 61 97 5 46 -121 111 142 -10 -7 204 1 3 -1 1 98 -13 76 ]
[ 49 -71 50 -21 -94 58 -125 -11 196 18 -51 -2 167 -46 -75 79 130 189 86 -17 13 3 -2 20 11 -78 -11 -10 -52 -215 -7 128 -90 -135 73 -112 -3 62 43 24 -190 129 181 -30 -36 -77 -11 -29 -151 15 -22 -23 -34 63 -84 -92 16 51 -121 186 -23 -65 -9 76 -4 -39 -6 7 12 -3 -20 31 106 79 -58 53 -56 111 -1 78 54 -67 -70 -21 -43 42 -22 -6 -56 -3 -129 71 -7 39 -27 -52 30 31 -53 26 1 -2 0 -62 -87 119 3 23 -17 -108 93 16 -22 74 0 20 1 -33 21 -136 -1 20 -1 -287 -143 41 -91 -40 62 112 19 -38 115 0 -1 40 -1 -39 18 -55 ]
[ 5 -32 -169 -212 10 -131 -78 87 78 11 -156 -183 44 -205 96 -19 -7 61 98 -119 73 -100 138 -50 132 -6 -133 -54 -110 -57 37 76 31 -31 77 -164 -68 254 137 -41 -79 22 65 -80 38 92 -4 140 -49 30 27 145 130 -66 154 40 86 97 117 -25 43 -41 12 -220 1 -86 -35 -4 11 -74 -48 -43 20 -94 30 -48 -30 37 -26 -81 -23 -32 -4 -75 -90 -147 -63 24 45 -35 -113 -182 119 -132 9 -16 -55 26 -39 -3 9 -47 -1 24 2 21 1 16 -14 -93 51 1 -76 -86 1 67 -7 14 -66 54 1 -53 -21 109 -74 -10 -46 -83 -131 -177 65 -17 -6 0 -2 -275 0 68 10 48 ]
[ -63 -122 10 -28 -138 -131 110 19 -35 36 -61 97 -28 -8 -59 17 -53 133 -154 17 97 40 33 3 22 -19 -57 -45 95 31 -78 30 -15 -6 -52 30 15 201 -46 179 59 -167 -242 -171 92 6 51 -51 -86 -27 -25 117 -114 4 -183 -79 -192 -157 -97 -153 -25 -91 -13 -14 -5 3 -103 -10 9 -45 6 37 64 -127 -87 37 -79 20 14 63 118 -64 -40 -96 -76 -161 5 2 50 0 122 -153 63 34 13 -9 -1 6 61 -3 14 123 0 69 -53 78 193 32 -1 118 -18 16 16 247 -1 30 2 27 28 12 1 91 -1 -108 -31 -8 11 -17 -141 20 10 -11 65 0 -2 128 0 -76 -41 -48 ]
[ 3 -19 33 -17 -192 75 82 102 56 -187 158 -16 -211 35 -48 80 -129 -58 -49 -6 -140 -245 61 191 -145 -18 -16 75 76 -24 26 177 -53 90 147 5 -21 -109 107 -82 -21 86 -107 -56 90 -127 51 16 61 -249 62 -72 152 -63 210 -68 -27 42 1 -59 -4 -70 116 -45 -1 162 -79 36 25 -131 -29 -80 -82 -67 -6 -36 -92 36 -23 -115 -31 84 83 102 54 -63 35 -1 39 -54 158 27 205 38 60 -6 -12 31 -164 1 -13 -8 0 -54 55 59 127 9 4 -79 -59 0 10 152 -1 0 2 56 3 -5 1 -56 72 97 159 -21 24 56 -55 -15 28 0 4 0 -3 -93 1 -231 33 -53 ]
[ 101 -99 18 49 -151 41 303 112 11 -9 -48 -39 -99 -220 73 19 92 187 11 -122 -23 249 -59 22 83 47 31 -92 -16 86 -35 97 51 -187 -45 -146 89 -110 105 58 -79 95 146 -109 41 -104 -55 117 -2 156 52 52 -43 -33 81 -52 -25 70 -118 143 -83 18 120 -201 -4 -17 -151 8 48 38 -6 -39 -8 -117 28 -40 30 131 -4 70 56 -4 -97 46 -50 119 -110 7 -39 31 -52 46 56 -121 -84 28 68 5 -48 -14 -4 -19 -1 -71 -40 -2 -157 0 -9 -67 -52 -21 -157 19 -1 -48 2 82 -9 -109 0 -8 -12 -184 -24 46 -46 -62 -12 -64 2 7 68 -1 1 -176 -2 -120 28 16 ]
[ 84 187 72 33 74 62 120 -97 53 77 174 -87 -40 234 112 91 58 84 106 -100 -61 -55 -102 66 -131 61 6 161 23 -35 -8 -64 17 -62 235 16 146 -297 54 -94 1 -93 23 69 -49 53 -13 -46 97 -195 95 -77 -44 41 53 -20 25 -81 -7 124 36 -64 146 64 2 73 89 1 21 -65 -31 36 -27 -33 3 -103 -3 26 18 -68 -27 -64 48 118 59 -24 9 7 28 43 158 79 95 40 257 4 53 11 65 17 -9 23 0 -91 -77 30 -31 30 6 -21 85 28 -149 82 -1 12 -2 -122 -5 -64 -1 33 104 174 72 -11 42 1 19 -1 47 -6 62 0 3 110 -2 39 15 -107 ]
[ -10 -21 -10 -62 107 -84 -34 -24 -69 120 -175 62 -24 -240 101 -243 -21 81 71 35 177 144 127 -181 142 -89 -41 -108 8 -3 -53 126 12 6 -86 -4 -14 120 30 137 -74 96 -53 -86 -85 -60 65 163 -102 45 -83 -61 -7 57 -93 -71 71 67 30 92 61 -98 -81 3 -1 -80 8 -2 14 141 -5 48 116 115 -13 92 31 -12 -6 127 12 -94 -24 -45 -42 19 -51 -8 -14 54 -102 29 40 12 -120 -31 -5 1 92 14 3 -73 1 15 176 0 26 -32 -16 76 4 -42 49 -91 1 -2 3 38 68 -14 0 25 -66 -233 -124 59 -121 -87 21 139 -36 3 -192 1 0 61 0 79 -37 49 ]
[ -9 -32 -9 15 90 -184 -118 25 27 -29 104 137 -103 210 245 -71 -32 -164 -39 152 187 -42 -123 -3 -134 -59 -62 68 28 12 -2 -28 -35 91 -17 104 -248 9 -161 -57 -21 -145 -83 -111 81 61 86 -35 -33 8 -143 84 116 -54 -164 86 3 102 172 -162 62 -241 -38 17 2 -122 -29 19 -39 67 29 41 -3 89 -40 -27 19 25 -20 11 38 -25 -10 13 36 -29 -35 -19 54 -59 26 3 -156 -116 -15 -40 216 11 200 -2 2 35 0 177 32 -153 26 48 32 44 40 1 -79 59 -1 -23 0 -13 -4 78 0 -48 38 -54 -95 15 13 18 55 171 70 -1 144 0 -3 16 1 -78 -44 -70 ]
[ -7 -18 -39 178 -52 79 -3 -27 56 -7 -19 -131 88 130 -222 220 8 69 176 -74 -46 100 -52 34 51 -20 -27 96 -1 89 -63 -120 -166 -65 -74 18 195 -38 82 54 -10 4 -70 -149 130 75 -103 -217 -29 129 27 156 -219 -45 27 -52 127 -57 -77 23 6 47 -13 50 -4 12 123 -4 -9 42 -14 -79 4 -79 -52 21 -12 97 7 -18 -24 -62 -8 29 -28 34 22 3 8 73 -2 107 85 159 -80 -36 19 17 13 12 -1 67 -1 14 -180 117 -84 25 -32 -101 3 10 -104 118 0 72 -2 -15 -14 -30 -1 -52 -2 -59 -66 12 -39 10 -84 -90 -32 -14 15 2 4 109 0 -45 -16 -74 ]
[ 154 -26 -120 -66 9 -15 75 75 -27 61 41 -135 -81 -126 125 -98 -85 -5 -112 -7 125 83 38 51 -14 70 -143 -70 -51 80 -71 93 172 16 22 105 62 -63 73 74 -122 164 53 38 -46 -52 187 82 47 105 -106 -5 61 -84 22 -77 -22 -7 -36 8 -102 -101 73 -130 1 55 8 14 36 3 9 -24 174 -62 58 -91 -28 27 -7 65 8 -19 -23 30 9 92 27 18 15 70 45 -23 47 -121 32 29 -63 -9 -40 -33 4 31 1 48 147 4 54 -32 -21 90 3 17 7 46 0 -24 1 -23 54 -79 0 111 -1 -170 -22 -11 -6 -51 149 114 -7 -2 75 1 2 -16 0 -10 -30 -29 ]
[ 99 -33 -26 155 -117 -1 -7 -200 -60 49 59 55 -148 203 -50 -1 116 25 -101 -67 91 -18 -141 -89 177 21 221 101 144 122 -32 -183 -86 95 -113 -18 2 -84 88 -192 62 16 -127 110 79 108 -133 -71 74 20 75 52 -109 -52 50 80 65 -92 69 31 60 87 -60 23 0 -62 155 -20 -6 -35 14 -52 -91 19 73 -173 46 16 15 -119 111 5 53 -44 12 70 19 9 -48 -22 232 -43 4 46 -153 14 72 -32 -20 2 -4 9 -2 -96 -4 44 -33 -35 5 -96 -30 4 -25 13 1 -2 -7 29 -23 53 1 -23 -3 218 193 -6 -44 61 -52 -67 -59 -12 -40 1 1 111 2 142 3 -11 ]
[ -80 203 135 -109 -26 32 127 75 37 100 -73 57 -137 -176 300 -98 98 -118 -159 -220 -95 119 102 35 -187 -53 -2 -19 -98 -4 91 156 98 -237 88 -167 126 -62 -157 142 15 -60 16 70 33 -64 53 82 -39 -261 -76 -222 123 91 -95 -125 -250 -39 11 -2 -33 5 0 122 1 45 -97 23 25 57 -13 111 -114 -51 11 106 -57 82 -23 -84 -165 28 -36 115 52 76 -27 6 -38 -42 59 100 83 86 181 9 33 34 164 10 9 -35 -1 -4 -22 -145 -96 25 1 108 45 9 -93 39 0 6 5 92 14 34 0 -135 31 54 -35 50 94 20 50 48 45 -2 72 0 0 52 2 -5 -39 79 ]
[ -215 -21 -6 49 133 -157 48 8 -86 106 -122 86 1 -114 140 -97 -37 -104 59 109 16 116 -62 -24 241 16 79 -21 -67 147 231 -41 -54 17 5 -90 4 -67 -190 -24 56 -190 -19 22 35 65 -78 118 107 -66 57 43 22 49 20 175 -157 -41 154 -124 -34 70 -77 -32 2 -170 114 -51 -78 -10 1 35 -100 54 123 -101 108 -72 21 -113 -59 -1 32 -212 -28 -70 -121 4 -12 -13 -42 -64 -301 -121 -186 34 93 -63 92 -25 0 73 1 122 -49 -71 110 3 56 -26 71 6 20 -240 -1 33 2 -54 -27 94 0 -24 -59 84 134 -26 46 -145 41 21 14 -4 148 0 -1 -2 -2 150 0 45 ]
[ -29 -64 80 166 -75 -44 104 83 125 97 99 87 -88 262 55 110 212 29 -47 -7 14 73 -110 102 -31 56 146 9 17 -93 74 -67 -113 -40 -86 80 -96 -139 -224 2 -61 -16 -18 78 80 -33 -48 -105 52 -157 20 -40 -72 50 -36 -16 -198 -77 -5 -7 -69 93 -90 56 0 -48 32 5 -41 -9 32 -34 -59 39 19 59 -46 87 7 -49 22 18 -52 5 63 75 -57 33 -16 40 112 82 -109 -64 -88 -18 154 -6 75 0 -14 68 -1 60 -30 3 14 32 29 -57 62 53 -98 100 -1 10 2 36 -69 74 -1 16 53 -105 -34 -15 67 92 3 51 19 -10 135 1 -1 34 0 -25 52 -10 ]
[ 18 -9 -134 68 39 -132 96 292 60 -52 140 -26 -3 58 103 64 -117 185 173 60 31 49 214 -103 147 84 35 -37 103 -176 10 -81 106 94 55 108 -45 -86 -49 40 -155 149 178 38 64 -103 252 -30 66 160 59 -56 40 -21 119 97 -1 -30 -131 89 47 36 95 -99 -1 19 -183 11 -11 -30 65 -70 115 6 12 32 -39 -16 -2 240 77 46 -16 -14 28 -10 24 -9 27 48 108 -80 -99 -105 -49 47 -43 6 -110 1 0 -43 1 -110 63 -56 55 -2 -12 -31 -8 -7 45 51 1 -5 0 -33 5 30 1 -1 -14 -78 -30 -14 -32 6 91 71 -25 13 5 -1 5 -115 0 -20 74 27 ]
[ -119 -28 -19 120 -63 -103 -4 225 132 87 108 -53 -53 -14 148 99 -99 230 37 28 -28 207 141 -19 71 72 29 -18 87 -19 67 42 -51 -43 127 22 96 -245 -99 -15 13 164 161 22 -46 -120 276 60 49 3 85 -160 -108 84 154 14 -159 -23 -200 160 12 56 60 72 -2 50 -80 29 -10 -34 70 -76 -9 106 -10 72 -1 79 -14 145 -18 54 -2 -9 61 42 7 3 -22 77 1 19 -120 -100 88 -3 30 37 -13 0 -5 -3 0 -82 -1 -52 38 4 -8 -50 36 13 -60 -20 0 65 0 -93 33 -14 -1 25 -8 20 -66 54 -45 -18 48 79 -17 2 -50 1 0 78 1 185 52 65 ]
[ 69 -51 -53 42 -82 -92 -87 119 8 30 -92 127 -64 -72 191 -11 19 208 -131 70 125 63 13 -61 268 -40 83 -33 25 -27 -95 99 -90 -20 -68 -115 77 45 -95 -14 33 -58 -113 -28 -129 -53 171 0 -123 -30 -110 35 -89 -203 23 -2 -98 -54 9 76 -104 -145 -9 7 -2 -43 -74 -31 -3 -89 -51 -80 30 -30 -59 -135 -99 -26 26 149 41 1 108 -264 -41 -23 49 6 -1 67 -79 -157 -81 4 -80 -104 -3 -32 57 19 8 -20 -1 -9 43 50 187 50 59 63 -22 24 21 229 0 103 -3 -33 -4 7 2 75 7 -98 -45 1 51 -86 2 72 -2 -22 120 0 -2 164 0 110 -21 -19 ]
[ -135 -52 65 198 -120 -21 185 -85 -81 -25 195 -69 -206 -39 4 -127 137 -13 -56 23 39 108 31 47 -123 93 -25 -97 50 128 60 112 10 10 7 40 192 -283 8 6 54 52 97 -24 60 -82 138 -38 -33 -94 -7 47 14 82 -58 47 -40 -93 49 -97 -16 -3 8 250 0 -105 108 42 -6 -4 114 148 -93 60 38 30 22 11 -21 -87 -150 67 -17 25 110 2 -2 -9 -28 -66 220 90 -4 -5 64 18 -52 7 -104 -17 -3 -65 0 9 -38 21 22 -6 -7 22 97 -10 69 -24 1 -12 3 118 53 25 0 28 6 98 73 43 -7 36 74 86 -51 30 73 -1 3 77 -1 27 4 18 ]
[ 6 -20 74 34 51 -7 29 8 -184 -45 120 55 -235 41 94 -61 -65 -1 -57 -22 14 11 27 -51 17 50 136 190 137 75 78 60 24 129 63 -64 -63 -254 73 -166 174 -39 -49 35 -52 -26 62 79 234 -115 -4 -123 35 85 211 158 18 95 24 -1 137 145 -30 60 0 64 -107 41 16 -39 56 1 -78 43 0 14 156 -29 -45 -49 -64 94 29 48 39 -34 -5 -9 81 -40 27 -94 -31 -88 215 18 -84 9 6 -34 -1 -143 -2 -82 7 -87 -48 -8 2 71 -29 -27 19 -186 -2 -31 -5 40 7 38 1 -33 -23 278 182 19 41 22 -72 17 -20 21 -106 1 1 -72 1 71 -10 57 ]
[ 121 41 17 25 23 68 60 216 19 -22 -116 23 -32 -36 48 -3 116 45 -148 16 121 122 79 -103 0 -47 68 -64 77 -51 -117 77 98 -69 -269 14 75 132 21 157 -155 -90 -22 8 46 -30 -135 -82 43 10 -181 25 -14 -68 -177 -90 -28 -47 49 -152 -45 89 -33 -58 0 -53 -144 47 -6 3 21 90 72 -167 -38 174 -16 40 -49 -12 -295 -12 11 -8 -18 6 -43 -14 85 -24 -63 -166 120 50 149 -3 -91 19 -3 -15 3 -37 0 196 53 -50 107 8 -15 148 -30 -18 48 32 -1 46 -8 105 -46 116 1 10 -48 -154 -185 -56 168 49 -176 -78 4 10 8 -1 1 -14 0 -180 -84 -36 ]
